18	2200000
18	2100000
18	2000000
18	1900000
18	1800000
18	1700000
18	1600000
18	1500000
18	1400000
18	1300000
18	1200000
18	1100000
18	1000000
18	900000
18	800000
18	700000
18	600000
18	500000
18	400000
18	300000
18	200000
18	100000
18	0
89	0
89	100000
89	200000
89	300000
89	400000
89	500000
89	600000
89	700000
89	800000
89	900000
89	1000000
44a	700000
44a	600000
44a	500000
44a	400000
44a	300000
44a	200000
44a	100000
44a	0
212	0
212	100000
212	200000
212	300000
212	400000
249	0
249	100000
249	200000
249	300000
81	0
81	100000
81	200000
81	300000
81	400000
81	500000
81	600000
81	700000
81	800000
81	900000
81	1000000
112	800000
112	700000
112	600000
112	500000
112	400000
112	300000
112	200000
112	100000
112	0
216	0
216	100000
216	200000
216	300000
73	1200000
73	1100000
73	1000000
73	900000
73	800000
73	700000
73	600000
73	500000
73	400000
19	0
19	100000
19	200000
19	300000
19	400000
19	500000
19	600000
19	700000
19	800000
19	900000
19	1000000
19	1100000
19	1200000
19	1300000
19	1400000
19	1500000
19	1600000
65	0
65	100000
65	200000
65	300000
65	400000
65	500000
65	600000
65	700000
65	800000
65	900000
65	1000000
65	1100000
65	1200000
65	1300000
42	0
42	100000
42	200000
42	300000
42	400000
42	500000
42	600000
42	700000
42	800000
42	900000
42	1000000
42	1100000
42	1200000
42	1300000
42	1400000
42	1500000
42	1600000
173	500000
173	400000
173	300000
173	200000
173	100000
173	0
41a	0
41a	100000
41a	200000
41a	300000
41a	400000
41a	500000
41a	600000
41a	700000
41a	800000
41a	900000
41a	1000000
41a	1100000
41a	1200000
41a	1300000
41a	1400000
41a	1500000
429	0
151	0
151	100000
151	200000
151	300000
151	400000
151	500000
151	600000
27	0
27	100000
27	200000
27	300000
27	400000
27	500000
27	600000
27	700000
27	800000
27	900000
27	1000000
27	1100000
27	1200000
27	1300000
27	1400000
27	1500000
27	1600000
27	1700000
27	1800000
27	1900000
27	2000000
