imswc001	482	0.0608584707	1.00E-005	0.0180081186	-159.05915623
imswc002	3156	0.0716045015	0.0013689512	0.0074593574	-618.893168067
imswc003	3777	0.0815345735	0.000779125	0.0021298742	-611.328596994
imswc004	18	1.00E-005	1.00E-005	1.00E-005	-8.4441945344
imswc005	232	0.0183182714	0.0152815566	0.0429320072	-86.9939746024
imswc006	2270	0.0513135566	1.00E-005	0.0255462892	-496.251121317
imswc007	10	0.5	0.01	1.00E-005	-3.2301764984
imswc008	2987	0.1315743734	1.00E-005	0.0018210032	-448.247080514
imswc009	940	0.0397330433	1.00E-005	1.00E-005	-225.401948145
imswc010	0	0.01	0.01	0.01	0
imswc011	506	0.0150620888	1.00E-005	1.00E-005	-125.646438273
imswc012	3092	0.07253767	1.00E-005	0.0078465171	-579.080906206
imswc013	2822	0.0529215658	0.0018359225	0.0197878141	-603.391225612
imswc014	4104	0.0696806341	1.00E-005	0.0046915933	-722.748295894
imswc015	1874	0.0575720225	1.00E-005	0.0062486889	-398.044022478
imswc016	3160	0.0782670034	1.00E-005	0.002790075	-483.058908896
imswc017	2243	0.0542471455	1.00E-005	0.012701175	-454.821567545
imswc018	3746	0.069973684	1.00E-005	0.0042311754	-671.51783093
imswc019	1446	0.0517201808	1.00E-005	0.024437075	-370.748317147
imswc020	3284	0.0951745778	1.00E-005	0.0025022595	-686.395715524
imswc022	2838	0.0568502484	1.00E-005	0.0123462485	-557.695967691
imswc023	2480	0.0472909342	1.00E-005	0.0120562143	-456.282289683
imswc024	1154	0.0223104256	1.00E-005	0.0254553794	-262.848696445
imswc025	3391	0.0758186736	1.00E-005	0.0053538979	-585.028840473
imswc026	34	1.00E-005	1.00E-005	1.00E-005	-13.5006494943
imswc028	0	0.01	0.01	0.01	0
imswc029	420	1.00E-005	1.00E-005	0.0172500191	-111.121818746
imswc030	1020	0.03452038	1.00E-005	0.0120803964	-251.545600408
imswc031	584	0.0272383603	1.00E-005	0.0646000006	-192.61801087
imswc032	2183	0.1261382087	1.00E-005	0.006608199	-488.869961916
imswc033	324	0.0227674669	1.00E-005	0.2013568643	-127.986591701
imswc034	990	0.0196230585	1.00E-005	0.0244310185	-234.310558972
imswc035	1536	0.0217909289	1.00E-005	0.0367566774	-346.083575264
imswc036	0	0.01	0.01	0.01	0
imswc037	0	0.01	0.01	0.01	0
imswc038	1544	0.0318141801	1.00E-005	0.0241259073	-354.139785857
imswc039	418	0.1427980105	1.00E-005	0.0107226533	-131.261136629
imswc040	2972	0.1170799808	1.00E-005	0.001556421	-547.219364398
imswc041	188	0.182516562	1.00E-005	1.00E-005	-67.2210266787
imswc042	500	0.0602268697	1.00E-005	0.0389850093	-148.886543154
imswc043	0	0.01	0.01	0.01	0
imswc044	2	1.00E-005	0.009999956	0.99999	-0.6931571806
imswc045	2727	0.0482553472	1.00E-005	0.0135982074	-504.190663592
imswc046	1590	0.052792576	1.00E-005	0.0070639905	-325.06465258
imswc047	990	0.0560760768	1.00E-005	0.016427773	-248.160857465
imswc048	46	1.00E-005	1.00E-005	1.00E-005	-19.3169499241
imswc049	146	0.0785915075	1.00E-005	1.00E-005	-57.2751583809
imswc050	1762	0.0815954133	0.0026040046	0.0074521658	-334.630377963
imswc051	3017	0.2384840447	1.00E-005	0.0039285354	-582.268744468
imswc052	0	0.01	0.01	0.01	0
imswc053	0	0.01	0.01	0.01	0
imswc054	2547	0.034398806	1.00E-005	0.0168209398	-529.723943565
imswc055	706	0.0317152341	1.00E-005	0.0192338585	-161.93656659
imswc056	3051	0.0728884441	1.00E-005	0.0028500725	-558.898239246
imswc057	2032	0.0600380868	1.00E-005	0.0045809571	-429.318493331
imswc058	2734	0.0516058843	1.00E-005	0.0040492136	-484.761762758
imswc059	34	0.5	0.0100000694	0.2279577963	-15.2255000783
imswc060	2106	0.0814908846	1.00E-005	0.0083213695	-427.271895638
imswc061	1080	0.0238237579	1.00E-005	0.0072169451	-235.515361024
imswc062	3838	0.0955189073	1.00E-005	0.0007193994	-659.281828037
imswc063	4	0.01	0.01	0.01	-2.0794415417
imswc064	152	0.5	1.00E-005	1.00E-005	-38.8571645279
imswc065	2850	0.0810414934	1.00E-005	0.0047139179	-537.190406908
imswc066	3329	0.0776790756	1.00E-005	0.0062489067	-607.702237164
imswc067	184	0.0336818642	0.0351066789	0.1994390899	-83.4369696661
imswc068	1956	0.265026329	1.00E-005	0.0145523365	-436.205871842
imswc069	0	0.01	0.01	0.01	0
imswc070	2629	0.0709396178	0.0005800252	0.007194055	-563.832527821
imswc071	212	0.1385928619	1.00E-005	0.0470103425	-75.0968377002
imswc072	1300	1.00E-005	1.00E-005	0.0359598747	-291.639589236
imswc073	2095	0.0914149659	1.00E-005	0.0157586224	-480.111719462
imswc074	0	0.01	0.01	0.01	0
imswc075	24	0.5	0.0099999285	0.3571554595	-11.6397510968
imswc076	0	0.01	0.01	0.01	0
imswc077	598	0.0210203057	1.00E-005	0.0323389005	-167.356665976
imswc078	94	0.2062406776	1.00E-005	0.0768387759	-41.1673840032
imswc079	508	0.1789825142	1.00E-005	0.015830162	-143.693736988
imswc080	3440	0.1038958022	1.00E-005	0.0045093914	-628.663908932
imswc081	96	0.5	0.01	1.00E-005	-26.1222122241
imswc082	2410	0.0316098822	1.00E-005	0.0094870311	-463.025301346
imswc083	2321	0.0633334509	1.00E-005	0.0162192278	-489.30208043
imswc084	3782	0.1009742968	0.000347795	0.00418718	-840.796781337
imswc085	3260	0.068341165	0.0006624713	0.0094488415	-573.990077343
imswc086	910	0.0691994448	0.0019284219	0.1083698048	-300.932238979
imswc087	264	0.271357309	1.00E-005	0.0586952469	-104.132799366
imswc088	1001	0.1800571613	1.00E-005	0.0185871686	-275.742511626
imswc089	4234	0.114438207	1.00E-005	1.00E-005	-591.515311265
imswc090	1300	0.0528849319	1.00E-005	1.00E-005	-258.068067915
imswc091	948	0.0427316614	1.00E-005	0.0249109498	-230.966543229
imswc092	2344	0.085716487	1.00E-005	0.0159428153	-517.862099961
imswc093	3473	0.0772976997	1.00E-005	0.0028483047	-598.55773898
imswc094	2810	0.0999980087	1.00E-005	0.00889371	-514.007977698
imswc095	2610	0.0582718886	1.00E-005	0.0060292614	-473.31154806
imswc096	1886	0.0700510914	1.00E-005	0.0110446156	-417.275985864
imswc097	10	0.4000003869	0.009999931	0.6000037903	-5.4444998768
imswc098	80	0.3912168931	1.00E-005	0.068038838	-33.0703806124
imswc099	102	0.5	1.00E-005	0.3140896869	-47.0441031096
imswc100	0	0.01	0.01	0.01	0
imswc101	0	0.01	0.01	0.01	0
imswc102	534	0.5	0.0442320365	0.1301984066	-204.329571385
imswc103	0	0.01	0.01	0.01	0
imswc104	1804	0.434623327	1.00E-005	0.021807648	-496.738573537
imswc105	206	0.2750407702	1.00E-005	0.192061322	-95.9468407088
imswc106	264	0.3668570685	1.00E-005	0.2606987892	-125.738497472
imswc107	14	0.3196067716	0.0099999921	1.00E-005	-5.4102447128
imswc108	962	0.5	0.0413292449	0.0807777508	-289.046992673
imswc109	582	0.5	0.0326700192	0.0680443207	-195.657067455
imswc111	0	0.01	0.01	0.01	0
imswc112	2132	0.5	0.0256542412	0.0159009084	-428.312994777
imswc113	44	0.3118247557	1.00E-005	0.0324983013	-18.8830942203
imswc114	1708	0.5	0.085804768	0.0375436913	-375.236683737
imswc115	72	0.0229983577	1.00E-005	1.00E-005	-33.6281867995
imswc116	1046	0.5	0.0121054086	0.1120738037	-341.942516156
imswc117	0	0.01	0.01	0.01	0
imswc118	302	0.5	1.00E-005	0.1591838506	-119.563678006
imswc120	38	0.5	0.009999858	1.00E-005	-12.4450221867
imswc121	1510	0.5	0.0694374132	0.0412019987	-331.917144555
imswc122	0	0.01	0.01	0.01	0
imswc123	574	0.5	0.0241410315	0.1032624278	-203.395752229
imswc124	2	0.5	0.01	1.00E-005	-0.2876887391
imswc125	190	0.5	1.00E-005	0.0675857015	-58.0320279026
imswc126	42	0.5	1.00E-005	0.1957620698	-17.9889626618
imswc127	26	0.5	0.0099998587	1.00E-005	-9.0194017363
imswc128	2440	0.5	0.0182805596	0.0191443835	-483.638777093
imswc129	110	0.5	0.0099996511	0.065008992	-40.8941614187
imswc130	250	0.5	1.00E-005	0.1878425119	-99.1497332023
imswc131	134	0.5	1.00E-005	0.0654096138	-48.2882815591
imswc132	1714	0.5	0.0274604553	0.0358020264	-432.483450849
imswc133	186	0.4146748056	0.279434405	0.2900523516	-91.1761551917
imswc134	1076	0.5	0.0127391344	0.1311127666	-393.679589562
imswc135	332	0.5	0.0531007188	0.0592277351	-106.372671136
imswc136	2699	0.5	0.0057812536	0.0169082928	-459.870763565
imswc137	2556	0.5	0.101979238	0.0083399185	-332.211719246
imswc138	50	0.4834391672	0.2582804583	0.2797376523	-23.750557803
imswc139	0	0.01	0.01	0.01	0
imswc140	1724	0.3670648112	0.0122235719	0.046567594	-480.601230498
imswc141	1004	0.5	0.5	0.1418182434	-371.929266081
imswc142	418	0.5	0.0513949212	0.0846908924	-143.951691734
imswc144	500	0.5	0.008763097	0.1236940255	-188.09405239
imswc145	0	0.01	0.01	0.01	0
imswc146	0	0.01	0.01	0.01	0
imswc147	0	0.01	0.01	0.01	0
imswc148	0	0.01	0.01	0.01	0
imswc149	0	0.01	0.01	0.01	0
imswc150	80	0.5	1.00E-005	1.00E-005	-25.9723869417
imswc151	0	0.01	0.01	0.01	0
imswc152	4084	0.0735399841	0.0005810765	0.0002781231	-668.058615044
imswc153	2514	0.0346612004	1.00E-005	0.0056122123	-470.402349253
imswc154	1828	0.0219064832	1.00E-005	0.0240917582	-377.841975342
imswc155	152	1.00E-005	1.00E-005	1.00E-005	-49.9587139147
imswc156	652	0.1652468234	1.00E-005	0.0479076714	-198.514137614
imswc157	1400	0.0390859816	1.00E-005	0.0293253929	-338.698531996
imswc158	2356	0.1062525764	1.00E-005	0.0057056064	-443.135301252
imswc159	0	0.01	0.01	0.01	0
imswc160	3676	0.0881520595	1.00E-005	0.0026616771	-713.884585784
imswc161	0	0.01	0.01	0.01	0
imswc162	2711	0.0863059029	1.00E-005	0.0053075	-524.814027471
imswc163	72	0.1920156636	0.0409630005	0.2240898763	-35.6046572037
imswc164	2270	0.2808262406	1.00E-005	0.0207360649	-561.112514173
imswc165	10	0.3999999424	0.0100000199	0.5999999694	-5.4444998767
imswc166	76	0.3447611889	1.00E-005	0.0821138604	-33.6370065371
imswc167	10	0.2060035952	0.01	0.0060038939	-4.7513526962
imswc168	2	0.5	0.01	1.00E-005	-0.2876887391
imswc169	2	0.5	0.01	1.00E-005	-0.2876887391
imswc170	0	0.01	0.01	0.01	0
imswc171	410	0.016836455	0.0194375273	0.0452213143	-144.726796912
imswc172	0	0.01	0.01	0.01	0
imswc173	506	0.2678457091	1.00E-005	0.0156741842	-132.422368585
imswc174	82	0.3465100673	1.00E-005	1.00E-005	-25.6987630877
imswc175	26	1.00E-005	0.0099999599	0.0769312839	-13.1991966795
imswc176	3388	0.0866755907	1.00E-005	0.0246926121	-840.41942352
imswc177	1040	0.0575225681	1.00E-005	0.0328659991	-286.344732661
imswc178	1702	0.3845256212	1.00E-005	0.0057421314	-312.312599254
imswc179	1140	0.0466625912	1.00E-005	0.0094735751	-250.027193299
imswc180	2947	0.0687994478	0.0009118141	0.0146215166	-679.383874347
imswc181	1674	0.0477518194	1.00E-005	0.0254660105	-389.050263773
imswc182	3153	0.0790855683	1.00E-005	1.00E-005	-657.239385766
imswc183	1540	0.1028338092	1.00E-005	0.0144050471	-376.215060024
imswc184	4276	0.1310558957	1.00E-005	0.0019777966	-712.347383811
imswc185	3748	0.1530095851	1.00E-005	0.001875853	-456.071974686
imswc186	522	0.0407265562	1.00E-005	0.0659332013	-164.681007707
imswc187	0	0.01	0.01	0.01	0
imswc188	4014	0.1191234553	1.00E-005	0.002571508	-619.734141529
imswc189	2898	0.0876746844	0.0012947673	0.0103025082	-671.69472224
imswc190	220	0.1915387193	1.00E-005	1.00E-005	-75.9733762421
imswc191	2548	0.1176713214	1.00E-005	0.0327260058	-713.994265066
imswc192	2041	0.1103837349	1.00E-005	0.0172636605	-524.888423241
imswc193	52	0.1594894338	1.00E-005	1.00E-005	-22.7620852386
imswc194	538	0.0482341825	1.00E-005	0.0466855147	-173.586528537
imswc195	1814	0.0625113108	1.00E-005	0.0338137249	-462.465026963
imswc196	0	0.01	0.01	0.01	0
imswc197	2	1.00E-005	0.0099999341	0.99999	-0.6931571806
imswc198	978	0.0521361719	1.00E-005	0.0605872789	-285.987491305
imswc199	388	0.0444942387	1.00E-005	0.1173252555	-146.322117273
imswc200	2627	0.0681686819	0.0017752006	0.0166616795	-550.198256518
imswc201	444	0.1083492187	1.00E-005	0.0522176183	-156.14932898
imswc202	1280	0.0229786848	1.00E-005	0.0325951766	-296.621618608
imswc203	82	0.1651927074	1.00E-005	1.00E-005	-34.7374437762
imswc204	1098	0.0405368475	1.00E-005	0.0106285446	-241.834451226
imswc205	1368	0.0482703142	1.00E-005	0.0225086662	-335.176358677
imswc206	3056	0.0652928021	1.00E-005	0.0064384855	-545.685679891
imswc207	32	1.00E-005	1.00E-005	0.4077736142	-16.0865526038
imswc208	2012	0.0782829842	1.00E-005	0.0111501001	-443.91356668
imswc209	128	1.00E-005	1.00E-005	0.0278537084	-40.4354366425
imswc210	2580	0.0729316852	1.00E-005	0.0035322797	-458.759904843
imswc211	114	1.00E-005	1.00E-005	0.143040826	-48.8844364705
imswc212	1852	0.0707163993	1.00E-005	0.022092951	-419.48895577
imswc213	68	0.4128487837	0.0099999681	1.00E-005	-23.19176038
imswc214	1436	0.0267805502	1.00E-005	0.0183853779	-326.110123355
imswc215	140	0.0566374683	1.00E-005	1.00E-005	-47.100264653
imswc216	24	0.1733365728	0.0099999331	0.0066699557	-11.6160550947
imswc217	2658	0.0645795295	1.00E-005	0.0020455142	-518.150843204
imswc218	62	0.1226250159	1.00E-005	0.2143847873	-31.7258916382
imswc219	2804	0.0624559992	1.00E-005	0.0139131649	-612.222164006
imswc220	934	0.0122935774	1.00E-005	0.0230843146	-212.041115227
imswc221	674	0.0487669807	1.00E-005	0.0327637199	-197.921429626
imswc222	18	1.00E-005	0.01	0.3333400951	-9.4367107957
imswc223	0	0.01	0.01	0.01	0
imswc224	2972	0.0742973178	1.00E-005	0.0100847182	-569.074825561
imswc225	40	1.00E-005	1.00E-005	1.00E-005	-17.4269641737
imswc226	330	0.1533976484	1.00E-005	0.0584652782	-131.13443421
imswc227	628	0.009643405	1.00E-005	0.0165096444	-152.070038337
imswc228	1870	0.0440601566	1.00E-005	0.0126037556	-434.239314449
imswc229	746	0.0456963681	1.00E-005	0.0329274781	-203.253047054
imswc230	1370	0.0364219983	1.00E-005	0.0343434404	-349.614740074
imswc231	242	0.1040603117	1.00E-005	0.1117773458	-99.583139042
imswc232	2314	0.5	1.00E-005	0.0066979133	-382.249988065
imswc233	2748	0.1006348819	1.00E-005	0.0057496361	-491.373985503
imswc234	26	0.3620171315	1.00E-005	1.00E-005	-9.4653724843
imswc235	14	1.00E-005	1.00E-005	0.6691277742	-6.5486211517
imswc236	3610	0.0919795272	1.00E-005	0.0053153352	-726.914970091
imswc237	2206	0.0802543086	1.00E-005	0.0240647355	-547.966747932
imswc238	2700	0.07246802	0.0009355883	0.0176490853	-583.600478516
imswc239	994	0.1041279347	1.00E-005	0.0345028346	-278.445178014
imswc240	650	0.0724047754	1.00E-005	0.0785406564	-216.258951868
imswc241	1024	0.0605504008	1.00E-005	0.0039828168	-234.020746077
imswc242	0	0.01	0.01	0.01	0
imswc243	4022	0.1197570065	1.00E-005	0.0037715542	-806.731347943
imswc244	374	0.0703196433	1.00E-005	0.0469411154	-134.310036948
imswc245	274	0.0367251832	1.00E-005	0.0225162176	-94.3877925488
imswc246	1174	0.1513785764	1.00E-005	0.0132881556	-301.08955605
imswc247	136	0.1192187486	1.00E-005	0.1274830004	-60.795849553
imswc248	3940	0.1004785788	1.00E-005	0.0074445291	-912.222693492
imswc249	2068	0.0565899922	1.00E-005	0.0159198968	-383.83292442
imswc250	2710	0.0696880903	0.0020655073	0.0049046783	-485.485153911
imswc251	498	0.0458546921	1.00E-005	0.0451682848	-155.865702815
imswc252	3282	0.1109634549	1.00E-005	0.0022976784	-680.413585153
imswc253	2834	0.1010346124	1.00E-005	0.0043508375	-628.6995445
imswc254	3742	0.0940012407	1.00E-005	0.0033564004	-722.533390427
imswc255	2298	0.0498402242	1.00E-005	0.0018698206	-374.452486971
imswc256	3500	0.0750930673	1.00E-005	0.0151635718	-832.283568307
imswc258	4560	0.0938063442	1.00E-005	0.0017926301	-709.955584895
imswc259	1212	0.0645780225	1.00E-005	0.026927196	-305.453376185
imswc260	4000	0.0877833922	0.0013559246	0.001017872	-707.733439362
imswc261	826	0.0990488325	1.00E-005	0.005587565	-185.336902791
imswc262	3390	0.109284231	1.00E-005	0.003770675	-591.38966904
imswc263	2432	0.0552663455	1.00E-005	0.0064131368	-472.617208978
imswc264	2310	0.0598671746	1.00E-005	0.0109683479	-455.487988151
imswc265	4000	0.0807563949	1.00E-005	0.008615525	-822.576264085
imswc266	2498	0.0417442153	1.00E-005	0.0102609918	-515.491048422
imswc267	3207	0.0663330972	0.0013462767	0.0030709943	-635.7966812
imswc268	3305	0.0629120845	1.00E-005	0.0040886442	-618.347785009
imswc269	3058	0.0730952096	1.00E-005	0.0137555231	-595.686223078
imswc270	920	0.0756536142	0.0064918637	0.0168080298	-230.197051114
imswc271	938	0.0314189994	1.00E-005	1.00E-005	-198.295316359
imswc272	4305	0.0824344425	1.00E-005	0.0026718326	-724.28053437
imswc273	1280	0.0329452622	1.00E-005	0.0330915522	-320.715146268
imswc274	1888	0.0479254342	1.00E-005	0.0100263677	-359.007810953
imswc275	1436	0.0654193463	1.00E-005	0.0221614777	-343.658689666
imswc276	3826	0.0874504014	1.00E-005	0.0069298031	-730.05534238
imswc277	2798	0.0762660094	1.00E-005	0.006392236	-616.942528444
imswc278	3093	0.2548270311	1.00E-005	0.0013098761	-518.325631043
imswc279	2022	0.0918791171	1.00E-005	0.0288305932	-528.782858237
imswc280	4416	0.0881950382	0.0006494526	1.00E-005	-865.955387204
imswc281	3747	0.084376738	1.00E-005	0.0126619168	-855.560080602
imswc282	1078	0.0536635097	1.00E-005	0.0648333152	-301.219276494
imswc283	38	1.00E-005	1.00E-005	1.00E-005	-14.13557189
imswc284	3940	0.0747569366	1.00E-005	0.0161446217	-947.917937693
imswc285	3274	0.0513516137	1.00E-005	0.0041313259	-521.627889105
imswc286	2954	0.0558512458	1.00E-005	0.0139722736	-650.741435311
imswc287	2878	0.0921593211	1.00E-005	0.006577399	-537.712912872
imswc288	1942	0.1227073533	1.00E-005	0.0132157486	-393.245789656
imswc289	340	0.0177180917	1.00E-005	1.00E-005	-102.208793048
imswc290	2176	0.0381980148	1.00E-005	0.0099515445	-426.090725983
imswc291	3136	0.1524323654	0.0014050148	0.0047921874	-549.510626061
imswc292	0	0.01	0.01	0.01	0
imswc293	66	0.12397316	0.0458479124	0.1770886065	-32.2949519791
imswc294	144	0.1216198695	1.00E-005	1.00E-005	-50.2144026431
imswc295	250	0.1397450242	1.00E-005	1.00E-005	-68.3383054145
imswc296	3396	0.0585602119	0.0012749693	0.0141311369	-630.607686881
imswc297	1676	0.0428112084	1.00E-005	0.0074908093	-330.564193944
imswc298	2324	0.0460851875	0.0002135186	0.0101726124	-412.188353664
imswc299	534	0.0254767733	1.00E-005	0.025155707	-153.731600916
imswc300	1148	0.0446816297	1.00E-005	0.0429298752	-296.125491878
imswc301	200	0.0745648558	1.00E-005	1.00E-005	-66.0328280755
imswc302	3500	0.0868040005	1.00E-005	0.00261084	-660.058052662
imswc303	348	0.0066608086	1.00E-005	0.0418648017	-113.572368869
imswc304	3181	0.0970423613	1.00E-005	0.0027443287	-540.116637329
imswc305	34	1.00E-005	1.00E-005	0.2176260072	-17.1278686429
imswc306	3051	0.0385950196	1.00E-005	0.0069205024	-535.06558676
imswc307	616	0.0209989053	1.00E-005	0.0094380682	-145.548821787
imswc308	0	0.01	0.01	0.01	0
imswc309	134	1.00E-005	1.00E-005	0.1502990829	-57.6708540098
imswc310	1802	0.0575750272	1.00E-005	0.007325034	-371.64682745
imswc311	1072	0.0687113688	1.00E-005	0.026460794	-254.20800256
imswc312	1068	0.043893578	1.00E-005	1.00E-005	-237.931869014
imswc313	3538	0.072445346	1.00E-005	0.0039564996	-628.312598192
imswc314	490	0.0119427515	1.00E-005	0.0263495465	-132.825317389
imswc315	3083	0.0567134351	1.00E-005	0.0040958959	-623.140331348
imswc316	788	0.0204528621	1.00E-005	0.0180632574	-200.293801127
imswc317	1622	0.0189925638	1.00E-005	0.0214658577	-343.432927013
imswc318	356	0.0724904203	1.00E-005	0.022380064	-112.336413379
imswc319	496	0.0462582957	1.00E-005	1.00E-005	-133.687295571
imswc320	3310	0.0729628454	1.00E-005	0.0014722535	-676.718344122
imswc321	298	0.0432006892	1.00E-005	1.00E-005	-84.1611181246
imswc322	892	0.015937992	1.00E-005	0.0300040581	-206.199157486
imswc323	800	0.1783922206	1.00E-005	0.0497082565	-252.618767331
imswc324	3121	0.049789029	1.00E-005	0.0069513881	-615.163128273
imswc325	494	0.1988048963	1.00E-005	0.0401218626	-154.736188429
imswc326	480	0.136872794	1.00E-005	0.0087272404	-138.764026828
imswc327	648	0.1423796749	1.00E-005	0.0199003274	-208.928261973
imswc328	3890	0.0549165363	1.00E-005	0.0070230209	-608.456582068
imswc329	3898	0.0790191879	1.00E-005	0.003579122	-708.674264353
imswc330	696	0.0270864464	1.00E-005	0.0453042944	-188.95377813
imswc331	418	0.5	1.00E-005	0.0371632617	-122.395745576
imswc332	3025	0.0659396311	1.00E-005	0.0093126606	-603.395594968
imswc333	2879	0.102786926	1.00E-005	0.0027462678	-475.077213546
imswc334	1220	0.0619562828	1.00E-005	0.0181890868	-274.902165218
imswc335	1936	0.0518520736	1.00E-005	0.0089084404	-395.946239671
imswc336	1210	0.1128034051	1.00E-005	0.005708062	-286.853817153
imswc337	584	0.0105932613	1.00E-005	0.0116433699	-164.23128108
imswc338	2378	0.0939971782	1.00E-005	0.0072399734	-470.448670258
imswc339	2923	0.0684267979	1.00E-005	0.0389634021	-732.015803643
imswc340	34	0.049515863	1.00E-005	0.2355440942	-16.638242299
imswc341	32	0.2720739439	0.0099999588	0.0736666975	-14.6488660481
imswc342	2703	0.0710807708	1.00E-005	0.0036820379	-525.356754386
imswc343	334	0.0676495194	1.00E-005	0.0532783184	-115.923589676
imswc344	3244	0.1115452632	1.00E-005	0.0065042696	-723.36316974
imswc345	1666	0.1013233888	0.0044244311	0.0095430451	-366.969762896
imswc346	2170	0.0813096413	1.00E-005	0.0127090363	-426.806120593
imswc347	574	0.1372595279	1.00E-005	0.0252053681	-184.637759881
imswc348	2744	0.087418493	1.00E-005	0.0060093332	-568.041452804
imswc349	1738	0.0720945307	1.00E-005	0.0157046126	-421.914622703
imswc350	3584	0.1001863707	1.00E-005	0.0096519904	-693.82054833
imswc351	400	0.0239451101	1.00E-005	1.00E-005	-108.052220966
imswc352	3608	0.1120712871	0.0009295106	0.0084849237	-756.334323162
imswc353	1174	0.0699864237	1.00E-005	0.0380065021	-325.179754731
imswc354	2822	0.0536787888	1.00E-005	0.0125764117	-590.904811401
imswc355	780	0.0657444142	1.00E-005	0.0073482637	-193.990651113
imswc356	2965	0.1246732744	1.00E-005	0.0029398227	-450.185850644
imswc357	480	0.0132654724	1.00E-005	0.0106043168	-132.511757935
imswc358	2176	0.159073455	1.00E-005	0.0060532982	-429.773113989
imswc359	1542	0.0968582367	1.00E-005	0.0108322643	-309.373337615
imswc360	1548	0.0625346316	1.00E-005	0.0084855228	-365.998422002
imswc361	3562	0.1176150957	1.00E-005	1.00E-005	-677.510698022
imswc362	274	0.0288859472	1.00E-005	0.0301817013	-101.951618821
imswc363	3258	0.097461354	1.00E-005	0.0056436991	-595.439021111
imswc364	1138	0.0769208666	0.003150307	0.0251216011	-296.861672334
imswc365	2507	0.0663327025	1.00E-005	0.0076627801	-566.606790953
imswc366	550	0.1190257437	1.00E-005	0.041653071	-166.017854456
imswc367	812	0.0763111788	1.00E-005	0.0130520725	-201.35670843
imswc368	4056	0.0951152797	1.00E-005	0.00468892	-637.28715032
imswc369	584	0.0050070491	1.00E-005	0.056335165	-176.854873949
imswc370	2086	0.0357856905	1.00E-005	0.0199048658	-415.224327927
imswc371	900	0.0371154057	1.00E-005	0.0343676068	-234.32167849
imswc372	3158	0.1151386465	1.00E-005	0.0057457231	-570.659351777
imswc373	926	0.0317712782	1.00E-005	0.0249563647	-230.346213221
imswc374	2460	0.0336136026	1.00E-005	0.0122716968	-462.918346978
imswc375	1746	0.0786839908	1.00E-005	0.0078893381	-378.170948251
imswc376	4194	0.0747130853	1.00E-005	0.0022225217	-697.66968507
imswc377	982	0.3101777806	1.00E-005	0.0215751852	-282.105492873
imswc378	30	0.5	0.0100001836	0.4404218118	-15.2194206849
imswc379	998	0.0521210583	1.00E-005	0.0174043976	-251.815777145
imswc380	3652	0.1153692376	0.0009536561	0.008671699	-802.294928092
imswc381	2378	0.0767059664	1.00E-005	0.0036343777	-478.435312795
imswc382	1928	0.066975678	1.00E-005	0.0080196832	-438.963953122
imswc383	2634	0.0691939235	1.00E-005	0.0009321701	-431.651833502
imswc384	1714	0.1432408279	1.00E-005	0.0078939607	-356.283722682
imswc385	38	1.00E-005	1.00E-005	1.00E-005	-16.2859771499
imswc386	906	0.0461090355	1.00E-005	0.0283711697	-213.15465473
imswc387	2249	0.0655492534	1.00E-005	0.0201012084	-551.462252727
imswc388	6	0.0066698583	0.0099999872	0.3400033034	-3.295836866
imswc389	420	0.0161499327	1.00E-005	0.0266938599	-121.053909793
imswc390	1520	0.0806339539	1.00E-005	0.0113524675	-327.558603763
imswc391	204	0.1335697509	1.00E-005	1.00E-005	-75.5481993482
imswc392	2958	0.0927837715	1.00E-005	0.0095500816	-621.220320009
imswc393	1534	0.0314024289	1.00E-005	0.0125154895	-342.599910788
imswc394	1732	0.0257618824	1.00E-005	0.0174251071	-367.610337814
imswc395	80	1.00E-005	1.00E-005	1.00E-005	-32.6998547917
imswc396	178	0.1604747773	1.00E-005	1.00E-005	-60.6833698023
imswc397	554	0.0576027293	1.00E-005	1.00E-005	-121.741629719
imswc398	3182	0.0762129269	1.00E-005	0.0055689988	-644.400145922
imswc399	94	0.0129900403	1.00E-005	1.00E-005	-35.5004654
imswc400	3482	0.106672794	0.0016386353	0.0039548357	-679.653063238
imswc401	186	0.1765325968	1.00E-005	0.0305582831	-69.5045319016
imswc402	2382	0.0550002355	1.00E-005	0.0124277388	-439.020262424
imswc403	100	0.0790588484	1.00E-005	0.147797498	-46.2123644402
imswc404	1516	0.0492521666	1.00E-005	0.0195624805	-325.46377334
imswc405	20	0.5	0.01	1.00E-005	-4.5983023911
imswc406	1236	0.0690827864	1.00E-005	0.0122385898	-295.360260973
imswc407	362	1.00E-005	1.00E-005	0.0521983217	-117.617521255
imswc408	144	1.00E-005	1.00E-005	1.00E-005	-46.2041515518
imswc409	2867	0.0988701944	1.00E-005	0.0056602897	-564.145936909
imswc410	16	0.0075024209	0.0099999086	0.2575024186	-8.7582418081
imswc411	1446	0.0556031293	1.00E-005	0.0214942901	-358.503487963
imswc412	1082	0.0329116188	0.0030388387	0.0198180962	-276.479825632
imswc413	754	0.0275777822	1.00E-005	0.0294839166	-191.71748178
imswc414	54	1.00E-005	1.00E-005	0.1983509966	-25.4109664078
imswc415	40	0.2928706079	1.00E-005	0.1596013557	-19.3029540628
imswc416	2800	0.083793731	1.00E-005	0.0058941489	-581.105522275
imswc417	16	1.00E-005	0.0099998223	1.00E-005	-7.6543349181
imswc418	94	0.3923720269	1.00E-005	0.1156541475	-40.8173595228
imswc419	282	0.1449474066	1.00E-005	1.00E-005	-83.1034771993
imswc421	892	0.0393604884	0.0020778168	0.0931224906	-272.253702115
imswc422	0	0.01	0.01	0.01	0
imswc423	274	0.0839444002	1.00E-005	0.0307740481	-98.5792906159
imswc424	3097	0.123732616	0.0012387441	0.0104574817	-747.161370378
imswc425	2797	0.0735592453	1.00E-005	0.0033858875	-495.118788451
imswc426	156	1.00E-005	1.00E-005	0.1549037411	-66.5875510804
imswc427	108	0.087685676	1.00E-005	0.1025848259	-53.5703505702
imswc428	2911	0.0598173843	0.0008220194	0.0315760505	-695.605638963
imswc429	1730	0.0511294706	1.00E-005	0.0167174297	-379.371889265
imswc430	760	0.0313994237	1.00E-005	0.0334226594	-193.413242212
imswc431	874	0.038179616	1.00E-005	0.0404224992	-236.210137242
imswc432	256	0.1311689408	1.00E-005	1.00E-005	-94.6063506162
imswc433	104	0.0747465792	1.00E-005	1.00E-005	-41.717756341
imswc434	1274	0.0303415845	1.00E-005	0.039484601	-306.774285956
imswc435	3655	0.0655083572	1.00E-005	1.00E-005	-607.990236989
imswc436	14	1.00E-005	1.00E-005	0.6672545898	-6.5319968158
imswc437	122	1.00E-005	1.00E-005	0.0358310407	-47.4093733917
imswc438	1946	0.0737541681	1.00E-005	0.0036356324	-396.286211985
imswc439	834	0.0406009705	1.00E-005	0.0167281096	-196.80646409
imswc440	2955	0.5	1.00E-005	0.0040148954	-380.303202062
imswc441	996	0.0693180299	1.00E-005	0.0111599745	-280.346959714
imswc442	2326	0.076310338	1.00E-005	0.0126624634	-449.954018163
imswc443	354	0.0428423222	1.00E-005	1.00E-005	-105.371423934
imswc444	1914	0.0641070221	1.00E-005	1.00E-005	-397.308800466
imswc445	1234	0.0350574016	0.0015184126	0.0232436907	-301.036807347
imswc446	3348	0.1050542304	1.00E-005	0.0033284248	-698.906058807
imswc447	392	0.0425808	1.00E-005	0.0155832447	-123.666100259
imswc448	3480	0.0787158055	1.00E-005	0.002104826	-594.984813118
imswc449	644	0.0125532775	1.00E-005	0.066163549	-203.514612943
imswc450	2718	0.0505916604	1.00E-005	0.0115753473	-570.374263239
imswc451	470	0.0402917171	1.00E-005	1.00E-005	-133.060350758
imswc452	1806	0.0867911789	1.00E-005	0.0208612774	-411.661699791
imswc453	176	0.0550094697	1.00E-005	0.0535440364	-74.3494532855
imswc454	1194	0.041657306	1.00E-005	0.0133327793	-264.562611307
imswc455	580	0.0637955956	1.00E-005	0.0102323027	-160.284823646
imswc456	368	0.0787011117	1.00E-005	0.0314852783	-114.36511491
imswc457	3624	0.1131727126	1.00E-005	0.0057809095	-653.23941439
imswc458	132	1.00E-005	1.00E-005	1.00E-005	-45.7613944125
imswc459	2824	0.0580244946	0.0006127425	0.0126962627	-545.223855036
imswc460	2058	0.0701507182	1.00E-005	0.0085077537	-497.28243983
imswc461	1692	0.099779838	0.0027706988	0.0151743995	-397.753978223
imswc462	546	0.0842879455	1.00E-005	0.0593731333	-185.050455038
imswc463	322	0.0818656046	1.00E-005	0.023499537	-100.130898821
imswc464	3429	0.0905816533	1.00E-005	0.0066257385	-653.86602443
imswc465	32	0.4923949608	1.00E-005	1.00E-005	-10.5317534221
imswc466	478	0.047610188	1.00E-005	0.076023463	-159.700407098
imswc467	662	0.0801423742	1.00E-005	1.00E-005	-198.806316791
imswc468	2906	0.0759253318	1.00E-005	0.004110926	-495.661339492
imswc469	1328	0.0932081395	1.00E-005	0.0084327864	-268.430784008
imswc470	2180	0.0447364464	1.00E-005	0.0117102769	-455.702364394
imswc471	884	0.0861486817	1.00E-005	0.0081890344	-221.311187837
imswc472	3925	0.080960175	1.00E-005	0.0028270096	-630.045760838
imswc473	3203	0.0636685193	1.00E-005	8.10E-005	-582.441043135
imswc474	136	0.0142723348	1.00E-005	0.0484921451	-54.0053114396
imswc475	196	1.00E-005	1.00E-005	1.00E-005	-70.1117257067
imswc476	2986	0.0647172415	0.0009472033	0.0167462941	-665.493657253
imswc477	1880	0.0754946534	1.00E-005	0.0146259548	-442.178717396
imswc478	1090	0.0700571374	1.00E-005	0.0105818535	-281.712471343
imswc479	1464	0.067352327	1.00E-005	0.0280631036	-348.69702019
imswc480	390	0.2036130819	1.00E-005	0.0201566667	-102.763751466
imswc481	296	1.00E-005	1.00E-005	1.00E-005	-94.3173155718
imswc482	0	0.01	0.01	0.01	0
imswc483	0	0.01	0.01	0.01	0
imswc484	0	0.01	0.01	0.01	0
imswc485	0	0.01	0.01	0.01	0
imswc486	2856	0.0750607964	1.00E-005	0.0069163134	-488.633586663
imswc487	0	0.01	0.01	0.01	0
imswc488	0	0.01	0.01	0.01	0
imswc489	0	0.01	0.01	0.01	0
imswc490	0	0.01	0.01	0.01	0
imswc491	2	0.5	0.01	1.00E-005	-0.2876887391
imswc492	2712	0.0494571271	1.00E-005	0.00709272	-466.126441837
imswc493	2238	0.0785887081	1.00E-005	0.0207233518	-553.692418667
imswc494	3722	0.0858634713	0.0010767005	0.0018358687	-725.345814238
imswc495	0	0.01	0.01	0.01	0
imswc496	3615	0.0862062936	1.00E-005	0.0049578277	-751.740308359
imswc497	6	0.0066698781	0.0100000431	0.3400033195	-3.295836866
imswc498	3206	0.0857523038	1.00E-005	0.0010766459	-677.286838194
imswc499	76	0.0343037896	1.00E-005	0.0299014094	-37.1266283611
imswc500	2674	0.041795973	1.00E-005	0.0160349472	-531.987911497
imswc501	0	0.01	0.01	0.01	0
imswc502	2822	0.1036061196	0.0012604879	0.0013897672	-554.303218602
imswc503	1078	0.043264353	1.00E-005	0.0358456644	-275.524527538
imswc504	978	0.0319433821	1.00E-005	0.0499859471	-262.406358099
imswc505	3912	0.0512531375	1.00E-005	0.0053739754	-550.796668342
imswc506	0	0.01	0.01	0.01	0
imswc507	2592	0.3325382078	1.00E-005	0.0131285976	-419.773316524
imswc508	0	0.01	0.01	0.01	0
imswc509	2505	0.063944735	1.00E-005	0.0126871287	-436.330525656
imswc510	838	0.0317713797	1.00E-005	0.029612794	-218.728967102
imswc511	238	1.00E-005	1.00E-005	1.00E-005	-73.7033756963
imswc512	4036	0.0874861165	0.0014581384	1.00E-005	-690.768063762
imswc514	876	0.0240458051	1.00E-005	0.0187164847	-215.002938844
imswc515	950	0.082759718	1.00E-005	0.0096810602	-213.568664354
imswc516	3383	0.1010380588	1.00E-005	0.0032068393	-652.647166466
imswc517	0	0.01	0.01	0.01	0
imswc518	2736	0.0834071722	1.00E-005	0.0025903035	-449.916300799
imswc519	718	0.1280441764	1.00E-005	0.0019613533	-202.668243556
imswc520	3733	0.07598918	0.0001408689	0.0089781992	-718.526449394
imswc521	3342	0.0648747255	1.00E-005	0.011450325	-681.339716026
imswc522	2	0.5	0.01	1.00E-005	-0.2876887391
imswc523	0	0.01	0.01	0.01	0
imswc524	0	0.01	0.01	0.01	0
imswc525	3262	0.0587129287	1.00E-005	0.0037808891	-517.032079105
imswc526	2188	0.0390940215	1.00E-005	0.0038172357	-407.907132332
imswc527	2787	0.0698283719	1.00E-005	0.0171143483	-556.05699725
imswc528	1202	0.1101030539	0.0038407731	0.0085858501	-325.165142261
imswc529	432	0.032558	1.00E-005	0.013089063	-126.110502677
imswc530	86	0.2625534573	0.1099592516	1.00E-005	-35.1371834788
imswc531	0	0.01	0.01	0.01	0
imswc532	0	0.01	0.01	0.01	0
imswc533	2	1.00E-005	0.009999978	0.99999	-0.6931571806
imswc534	2851	0.0344138079	1.00E-005	0.0025695896	-488.192592403
imswc535	0	0.01	0.01	0.01	0
imswc536	0	0.01	0.01	0.01	0
imswc537	0	0.01	0.01	0.01	0
imswc538	0	0.01	0.01	0.01	0
imswc539	0	0.01	0.01	0.01	0
imswc540	2850	0.0735889772	1.00E-005	0.0098808012	-584.422369041
imswc541	1830	0.0745819817	0.0067673969	0.0190428512	-378.330009343
imswc542	3856	0.1214788256	1.00E-005	1.00E-005	-565.544406505
imswc543	0	0.01	0.01	0.01	0
imswc544	3291	0.075703503	1.00E-005	0.0045500523	-681.161601615
imswc545	0	0.01	0.01	0.01	0
imswc546	3264	0.0706905068	0.001998752	0.0040150367	-686.64559143
imswc547	1296	0.0578963783	1.00E-005	0.0156081976	-317.622973342
imswc548	2674	0.0717083828	0.0013011507	0.0104954813	-582.254128323
imswc549	0	0.01	0.01	0.01	0
imswc550	2528	0.0501064623	1.00E-005	0.0123723512	-497.012761139
imswc551	704	0.0283018077	0.0069722223	0.0326487082	-190.228841019
imswc552	340	0.0291848102	1.00E-005	0.0337807287	-104.454422199
imswc553	3670	0.0864973897	1.00E-005	0.0081121404	-772.821373787
imswc554	0	0.01	0.01	0.01	0
imswc555	2731	0.0510414273	0.0017092895	0.0013364779	-525.052907591
imswc556	0	0.01	0.01	0.01	0
imswc557	1922	0.0356710746	1.00E-005	0.0295860553	-412.800982489
imswc558	498	0.0159722041	0.0041325173	0.0250014287	-143.789690692
imswc559	510	0.1207602781	1.00E-005	0.0033681012	-149.979427046
imswc560	3536	0.0729121322	0.0011640884	0.0063265117	-723.011304739
imswc561	138	1.00E-005	0.0480596213	0.0643175918	-54.257143377
imswc562	836	0.0423782748	1.00E-005	0.0089129928	-208.708943715
imswc563	1182	0.0148469851	1.00E-005	0.0287930655	-263.700537576
imswc564	3348	0.0818538846	1.00E-005	0.0053879468	-645.015055031
imswc565	0	0.01	0.01	0.01	0
imswc566	3034	0.0663899805	1.00E-005	0.0025723304	-529.654122164
imswc567	1182	0.0589399606	0.0059466851	0.0092440463	-236.426248978
imswc568	1318	0.0466356341	1.00E-005	0.0147893081	-347.785197883
imswc569	4061	0.0413329607	0.0018524129	0.0014841564	-532.009373667
imswc570	4	0.5	0.01	1.00E-005	-0.5753774783
imswc571	0	0.01	0.01	0.01	0
imswc572	2	1.00E-005	0.009999978	0.99999	-0.6931571806
imswc573	2732	0.0399941212	1.00E-005	0.0079436616	-475.488505251
imswc574	2672	0.0430415611	1.00E-005	0.0087311694	-545.238699106
imswc575	2134	0.0601095293	1.00E-005	0.0131673506	-484.515792781
imswc576	1244	0.0718453534	1.00E-005	0.006491041	-284.869232642
imswc577	324	0.0247064997	1.00E-005	0.0126250844	-88.2832311357
imswc578	254	0.0315809639	1.00E-005	0.2137980346	-97.622788602
imswc579	0	0.01	0.01	0.01	0
imswc580	0	0.01	0.01	0.01	0
imswc581	0	0.01	0.01	0.01	0
imswc582	2706	0.0597628013	1.00E-005	0.0127442642	-601.8579097
imswc583	2	1.00E-005	0.009999978	0.99999	-0.6931571806
imswc584	184	0.1969972392	1.00E-005	1.00E-005	-51.0491937132
imswc585	0	0.01	0.01	0.01	0
imswc586	0	0.01	0.01	0.01	0
imswc587	0	0.01	0.01	0.01	0
imswc588	2810	0.0837395241	1.00E-005	0.0072735061	-509.841665155
imswc589	2202	0.0497280376	1.00E-005	0.006165797	-369.127533935
imswc590	3816	0.0718999306	1.00E-005	0.006064864	-625.016523662
imswc591	0	0.01	0.01	0.01	0
imswc592	3590	0.5	1.00E-005	0.0061619684	-406.752156653
imswc593	54	1.00E-005	1.00E-005	0.3755659087	-25.8623893695
imswc594	3724	0.051740318	1.00E-005	0.00842773	-576.853364405
imswc595	1048	0.0155942238	1.00E-005	0.0153866226	-240.098405787
imswc596	2649	0.0635887376	0.0021594822	0.0059531196	-504.932924992
imswc597	0	0.01	0.01	0.01	0
imswc598	2920	0.0844522201	1.00E-005	0.0024923979	-516.613585523
imswc599	948	0.0518257813	1.00E-005	0.0182977703	-247.544485463
imswc600	1092	0.0275294617	1.00E-005	1.00E-005	-243.764190706
imswc601	4190	0.0555232064	1.00E-005	0.0059690466	-662.860600322
imswc602	10	1.00E-005	0.0099999906	0.6000097763	-5.2746008399
imswc603	3074	0.0823474422	1.00E-005	0.0123177609	-632.4861174
imswc604	0	0.01	0.01	0.01	0
imswc605	1886	0.4072829215	1.00E-005	0.0017534459	-330.872507287
imswc606	518	0.0703016733	1.00E-005	1.00E-005	-150.441321872
imswc607	508	0.0642127221	1.00E-005	0.0089123539	-115.745226628
imswc608	3748	0.0700099293	1.00E-005	0.0060315845	-866.740603413
imswc609	196	0.4446410644	1.00E-005	0.0568512798	-73.1821582184
imswc610	466	0.0305637775	1.00E-005	1.00E-005	-126.130967088
imswc611	1414	0.0447486718	1.00E-005	0.0082697922	-282.314257506
imswc612	3544	0.0543258161	1.00E-005	0.0056802457	-587.454443345
imswc613	0	0.01	0.01	0.01	0
imswc614	3386	0.0715480126	1.00E-005	0.0077294038	-537.997111176
imswc615	1564	0.0515718334	1.00E-005	0.0247767166	-357.635593483
imswc616	4212	0.1058658669	0.0011318779	1.00E-005	-679.598732731
imswc617	4034	0.0873387491	1.00E-005	1.00E-005	-616.489837076
imswc618	0	0.01	0.01	0.01	0
imswc619	0	0.01	0.01	0.01	0
imswc620	0	0.01	0.01	0.01	0
imswc621	1774	0.0464909951	1.00E-005	0.019901749	-399.890431162
imswc622	1920	0.022129486	1.00E-005	0.0122083693	-354.191214204
imswc623	1878	0.5	1.00E-005	0.0087609652	-238.170389281
imswc624	1474	0.0846118079	1.00E-005	0.014387653	-323.02421994
imswc625	4065	0.0546291875	1.00E-005	0.0043294833	-628.311503101
imswc626	72	0.1072111413	1.00E-005	1.00E-005	-29.8641172694
imswc627	0	0.01	0.01	0.01	0
imswc628	974	0.0316570244	0.0063660735	0.0147350099	-217.045192979
imswc629	0	0.01	0.01	0.01	0
imswc630	3348	0.0569266832	1.00E-005	0.0052114098	-580.739178435
imswc631	0	0.01	0.01	0.01	0
imswc632	4	1.00E-005	0.01	0.99999	-1.3863143612
imswc633	0	0.01	0.01	0.01	0
imswc634	0	0.01	0.01	0.01	0
imswc635	0	0.01	0.01	0.01	0
imswc636	2585	0.0417076195	1.00E-005	0.0160693591	-547.546061781
imswc637	2414	0.0531232246	1.00E-005	0.0048581918	-489.778251313
imswc638	4171	0.0647617208	1.00E-005	0.0029050854	-566.326282645
imswc639	0	0.01	0.01	0.01	0
imswc640	3343	0.0669937501	0.0012178945	0.0037799109	-672.537785646
imswc641	96	0.5	1.00E-005	0.1581927338	-37.8226337883
imswc642	3467	0.0530270554	1.00E-005	0.0019031587	-571.256958591
imswc643	1438	0.0655476198	1.00E-005	0.0080752688	-286.325034386
imswc644	2950	0.0775755966	0.0007772817	0.007024685	-583.083001883
imswc645	0	0.01	0.01	0.01	0
imswc646	2656	0.0351802435	1.00E-005	0.0020227118	-469.747515965
imswc647	1166	0.0288158318	1.00E-005	0.0292857012	-277.862373802
imswc648	824	0.0371666646	1.00E-005	0.043617504	-243.729939904
imswc649	4023	0.0409710575	1.00E-005	0.0056774303	-576.022201363
imswc650	0	0.01	0.01	0.01	0
imswc651	2494	0.1086990625	1.00E-005	1.00E-005	-559.373866381
imswc652	0	0.01	0.01	0.01	0
imswc653	1814	0.5	0.1125917761	0.0140945832	-246.933733734
imswc654	492	1.00E-005	1.00E-005	0.0319842659	-141.737405816
imswc655	714	0.0351691134	1.00E-005	1.00E-005	-177.930221955
imswc657	168	0.0487335357	1.00E-005	1.00E-005	-58.4188760986
imswc658	744	1.00E-005	1.00E-005	0.0244380976	-177.111962667
imswc659	1212	0.0424531405	1.00E-005	0.007389691	-256.858962906
imswc660	3438	0.0977031078	1.00E-005	0.0048847919	-678.089172568
imswc661	0	0.01	0.01	0.01	0
imswc662	3106	0.0413881813	0.0014370925	0.0015257997	-471.233873212
imswc663	1224	0.113889189	1.00E-005	0.0062698246	-233.351234441
imswc664	4156	0.0723714626	1.00E-005	0.004662386	-731.434860293
imswc665	3826	0.0874071281	0.0001282661	0.0051335853	-752.38257457
imswc666	0	0.01	0.01	0.01	0
imswc667	0	0.01	0.01	0.01	0
imswc668	0	0.01	0.01	0.01	0
imswc669	2842	0.0743469097	1.00E-005	0.0052531747	-535.967810171
imswc670	2350	0.055713955	1.00E-005	0.0044926558	-393.658978983
imswc671	2576	0.0349849624	1.00E-005	0.0067640891	-441.809133088
imswc672	1680	0.0976411058	1.00E-005	0.0050634071	-376.682668525
imswc673	402	0.0283850818	1.00E-005	0.1528657472	-145.548612638
imswc674	912	0.0224761709	1.00E-005	0.0507331761	-243.634333905
imswc675	2	0.5	0.01	1.00E-005	-0.2876887391
imswc676	0	0.01	0.01	0.01	0
imswc677	0	0.01	0.01	0.01	0
imswc678	3350	0.0895328492	1.00E-005	0.0112034524	-636.788122762
imswc679	0	0.01	0.01	0.01	0
imswc680	758	0.0473864873	1.00E-005	0.0299213422	-206.621156796
imswc681	1264	0.0375976813	1.00E-005	0.0471498634	-326.250154921
imswc682	964	0.0593575226	0.0049899493	0.0642785344	-294.813574134
imswc683	146	1.00E-005	1.00E-005	1.00E-005	-53.6045584626
imswc684	2629	0.0550732044	0.0012452074	0.0177741427	-649.765446318
imswc685	2330	0.0393351335	1.00E-005	0.0281681565	-474.477690781
imswc686	3940	0.113406987	1.00E-005	0.0066815496	-723.176820017
imswc687	0	0.01	0.01	0.01	0
imswc688	3559	0.0447465373	1.00E-005	0.0101243539	-626.669190334
imswc689	0	0.01	0.01	0.01	0
imswc690	3665	0.0789072379	1.00E-005	0.0058675612	-636.924961065
imswc691	420	0.0576197068	1.00E-005	0.1785805781	-166.067908444
imswc692	1994	0.0631754408	1.00E-005	0.0204839308	-431.72517859
imswc693	0	0.01	0.01	0.01	0
imswc694	2726	0.0500652577	1.00E-005	0.0115054733	-476.241914454
imswc695	134	0.0414166094	1.00E-005	0.0734671384	-55.5000745758
imswc696	1680	0.0143699422	1.00E-005	0.0223764974	-360.028254722
imswc697	3857	0.1084127847	1.00E-005	1.00E-005	-732.706254588
imswc698	0	0.01	0.01	0.01	0
imswc699	2711	0.0651969285	1.00E-005	0.0213494621	-609.467942416
imswc700	0	0.01	0.01	0.01	0
imswc701	2594	0.1998707342	0.0057163972	0.0047460127	-524.396209926
imswc703	1400	0.0436297013	1.00E-005	0.0389710323	-358.519913183
imswc704	3607	0.2946771394	1.00E-005	0.0034289714	-507.644272213
imswc705	1076	0.0414734019	0.0030619443	0.0211854337	-275.271617522
imswc706	1376	0.0524021815	1.00E-005	0.042582735	-358.494129849
imswc707	1104	0.0700570759	1.00E-005	0.0110335417	-263.509370196
imswc708	3196	0.076854455	0.0011298241	0.0210329206	-719.671180629
imswc709	1022	0.0291497766	1.00E-005	0.0715742823	-274.022294645
imswc710	2772	0.0920804461	1.00E-005	0.0072378878	-573.050094123
imswc711	1480	0.0627643496	1.00E-005	0.0199730038	-371.623580186
imswc712	4149	0.1027792173	0.0015884494	0.0031417005	-666.093376967
imswc713	3828	0.1019577297	0.0011804373	1.00E-005	-767.46725899
imswc714	38	0.0615799935	0.0100000093	0.0089483912	-19.3817931032
imswc715	0	0.01	0.01	0.01	0
imswc716	782	0.0437612071	1.00E-005	0.0478048824	-209.779290801
imswc717	2921	0.0644842365	1.00E-005	0.0081802514	-630.955296413
imswc718	2324	0.0414992579	1.00E-005	0.0112976085	-440.904619547
imswc719	2453	0.0668714661	1.00E-005	0.0091529305	-488.011197836
imswc720	1456	0.076654184	1.00E-005	0.0333088454	-404.081056968
imswc721	380	1.00E-005	1.00E-005	0.0680984583	-122.117763144
imswc722	978	0.0462702043	1.00E-005	0.0279625267	-239.699935316
imswc723	722	0.0725162108	1.00E-005	0.0372654323	-199.083882634
imswc724	0	0.01	0.01	0.01	0
imswc725	0	0.01	0.01	0.01	0
imswc726	1568	0.0486009935	1.00E-005	0.0581535122	-414.95730253
imswc727	0	0.01	0.01	0.01	0
imswc728	1198	0.0643853402	1.00E-005	0.0079907461	-275.87830945
imswc729	86	0.3145808105	1.00E-005	0.0094581584	-30.8294125264
imswc730	1034	0.0511236847	1.00E-005	0.0044255566	-230.3757431
imswc731	506	0.039866737	0.0065431482	0.0570681841	-157.516749428
imswc732	2428	0.0553796072	1.00E-005	0.0093238892	-466.045491556
imswc733	2222	0.0881868898	0.0014092608	0.0051044839	-418.279530718
imswc734	3557	0.0634540909	1.00E-005	0.0138197991	-690.344575579
imswc735	0	0.01	0.01	0.01	0
imswc736	3468	0.058259041	1.00E-005	0.0035272568	-596.673797467
imswc737	0	0.01	0.01	0.01	0
imswc738	3526	0.0971857574	0.0012072406	0.003815017	-723.898236001
imswc739	1608	0.022231961	1.00E-005	0.0118569267	-311.375566586
imswc740	3438	0.0392687479	0.0019435974	0.0034739851	-502.491351424
imswc741	236	0.0092152191	1.00E-005	0.0297555916	-77.8676693295
imswc742	40	1.00E-005	1.00E-005	1.00E-005	-18.2266534156
imswc743	1282	0.0441220104	0.0027117207	0.0106028788	-284.959232191
imswc744	1894	0.0407307904	1.00E-005	0.0111120147	-374.547360931
imswc745	2920	0.0636936007	1.00E-005	0.0135079601	-559.144601715
imswc746	0	0.01	0.01	0.01	0
imswc747	3109	0.0376861888	1.00E-005	0.0091462461	-521.483340011
imswc748	1030	0.0474060583	1.00E-005	0.0257492611	-261.90527274
imswc749	3070	0.0967528923	1.00E-005	0.0065957438	-548.531007063
imswc750	1118	0.0282261503	1.00E-005	0.0109597978	-281.720484408
imswc751	490	0.0861144752	0.0056857354	0.0648782067	-171.143787912
imswc752	3644	0.0625771838	1.00E-005	0.006144677	-661.11022196
imswc753	568	0.052373263	1.00E-005	0.0075580053	-173.284036356
imswc754	1146	0.0271549039	1.00E-005	0.0317425846	-290.108542237
imswc755	458	0.0319339298	1.00E-005	0.0513492184	-134.543090422
imswc756	2800	0.0856138152	1.00E-005	0.0103497044	-672.787431374
imswc757	236	0.0920393132	1.00E-005	0.0242851115	-78.799250734
imswc758	3168	0.0581826587	1.00E-005	0.0106523418	-568.743317428
imswc759	1580	0.0745141612	1.00E-005	0.0088144091	-358.809015637
imswc760	3893	0.0830386173	1.00E-005	0.0013893445	-715.629198387
imswc761	3869	0.0753721541	0.0003519997	0.0063896402	-690.662314593
imswc762	286	0.1103295897	1.00E-005	0.0606234303	-105.077764861
imswc763	0	0.01	0.01	0.01	0
imswc764	342	0.0252591258	1.00E-005	0.0855647741	-128.460414137
imswc765	3086	0.0616801373	1.00E-005	0.0052748827	-519.75326017
imswc766	2248	0.0297716017	1.00E-005	0.0135177705	-437.990134904
imswc767	0	0.01	0.01	0.01	0
imswc768	1798	0.0520701	1.00E-005	0.0190433592	-417.685400561
imswc770	1064	0.0224616528	1.00E-005	0.0142607296	-244.381658546
imswc771	2	0.5	0.01	1.00E-005	-0.2876887391
imswc772	0	0.01	0.01	0.01	0
imswc773	0	0.01	0.01	0.01	0
imswc774	3018	0.0663309236	1.00E-005	0.0174840312	-686.050588801
imswc775	10	1.00E-005	0.0099998033	0.6000097575	-5.2746008399
imswc776	3147	0.0789283668	1.00E-005	0.0115247064	-611.546257708
imswc777	582	0.0243795275	1.00E-005	0.0150334134	-154.827747891
imswc778	744	0.0319148315	1.00E-005	0.005920997	-184.646646112
imswc779	702	0.0164940065	1.00E-005	0.0210207064	-199.325167734
imswc780	2673	0.0633897719	0.0015151318	0.0124246119	-536.506423997
imswc781	2042	0.0588086231	1.00E-005	0.0228733457	-437.541140573
imswc782	3734	0.0978002421	0.0015695783	0.0014512899	-704.11326485
imswc783	0	0.01	0.01	0.01	0
imswc784	3769	0.0889039935	1.05E-005	0.0074805678	-793.227539489
imswc785	1466	0.1402031002	1.00E-005	1.00E-005	-386.769739203
imswc786	3206	0.0636304968	1.00E-005	0.0140523716	-694.540755189
imswc787	766	0.0235345619	1.00E-005	0.0379033148	-204.152274642
imswc788	1966	0.047548495	1.00E-005	0.0317449125	-471.279121153
imswc789	0	0.01	0.01	0.01	0
imswc790	2686	0.0472805153	1.00E-005	0.0168271773	-598.299163089
imswc791	1170	0.0359107566	1.00E-005	0.0413705167	-277.576853843
imswc792	1244	0.026669031	1.00E-005	0.0236116649	-290.31188816
imswc793	3908	0.0699857879	0.0013589446	0.0077370229	-650.125080954
imswc794	470	1.00E-005	0.0114263766	0.0487366922	-138.843351105
imswc795	2902	0.0623661292	1.00E-005	0.0109996021	-566.489670578
imswc796	0	0.01	0.01	0.01	0
imswc797	2012	0.09695387	1.00E-005	0.0229861406	-473.951611435
imswc798	372	0.0334440999	0.0053372354	0.0620758928	-128.231678668
imswc799	558	0.1605574816	1.00E-005	0.0144762904	-151.211679871
imswc800	3658	0.0853023934	1.00E-005	0.0074952166	-768.282747617
imswc801	128	1.00E-005	1.00E-005	1.00E-005	-51.3647420014
imswc802	854	0.0462461111	1.00E-005	0.0167674814	-212.354428542
imswc803	380	0.0498050966	1.00E-005	0.1292119835	-139.931251323
imswc804	3291	0.0876345582	1.00E-005	0.0031764178	-643.170940742
imswc805	0	0.01	0.01	0.01	0
imswc806	2586	0.0558758734	1.00E-005	0.0272351314	-614.700194757
imswc807	1104	0.1084559219	1.00E-005	0.0137076204	-260.752813727
imswc808	4050	0.0889555834	1.00E-005	0.0050260443	-589.376723166
imswc809	3650	0.093355071	0.0010467437	0.0052895729	-704.063476439
imswc810	202	0.0676257568	1.00E-005	1.00E-005	-65.1767421181
imswc811	0	0.01	0.01	0.01	0
imswc812	122	0.4015904647	1.00E-005	1.00E-005	-38.0484819633
imswc813	2556	0.0833974443	1.00E-005	0.0058252149	-532.023121101
imswc814	1292	0.0504639061	1.00E-005	0.0153107567	-311.874721173
imswc816	1384	0.1072930834	1.00E-005	0.0221859954	-349.016357825
imswc817	86	0.0207249741	0.0985719488	0.1487968897	-41.567003247
imswc818	602	0.0202693991	1.00E-005	0.0536782171	-169.561655915
imswc819	2032	0.0674571999	1.00E-005	0.0172978557	-461.418536871
imswc820	0	0.01	0.01	0.01	0
imswc821	0	0.01	0.01	0.01	0
imswc822	2368	0.0598094707	1.00E-005	0.0191011967	-521.888118005
imswc823	0	0.01	0.01	0.01	0
imswc824	2662	0.1248180497	1.00E-005	0.0134556481	-492.939847166
imswc825	68	0.0235472926	1.00E-005	0.1125153584	-29.4115150578
imswc826	702	0.0533784354	1.00E-005	0.0502578501	-198.782257214
imswc827	76	1.00E-005	1.00E-005	0.0332957208	-30.241057446
imswc828	2136	0.0920082495	1.00E-005	0.0035175743	-432.813279088
imswc829	960	0.0257706734	1.00E-005	0.0646225591	-289.993604784
imswc830	3389	0.0675318657	1.00E-005	0.0093184995	-704.200074894
imswc831	0	0.01	0.01	0.01	0
imswc832	3890	0.0753222317	1.00E-005	0.00447862	-741.495018278
imswc833	1100	0.0434532422	1.00E-005	0.0290315653	-266.661111352
imswc834	3220	0.05372278	0.0011967351	0.0125189061	-684.936197289
imswc835	158	0.1631608447	1.00E-005	0.1089531171	-68.1599242903
imswc836	1118	0.0297949577	1.00E-005	0.0348353189	-281.448085067
imswc837	0	0.01	0.01	0.01	0
imswc838	1372	0.0455146905	1.00E-005	0.0254850619	-311.279907949
imswc839	402	0.1384321467	1.00E-005	0.0344108888	-129.081775555
imswc840	614	0.029539923	1.00E-005	0.0347987975	-188.804344998
imswc841	4000	0.0783605837	0.0009801852	0.0006952287	-704.776636445
imswc842	2	0.5	0.01	1.00E-005	-0.2876887391
imswc843	2290	0.0820384672	1.00E-005	0.0109555134	-499.70417699
imswc844	0	0.01	0.01	0.01	0
imswc845	1290	0.0299466319	1.00E-005	0.0370893732	-331.987104125
imswc846	142	0.1670419161	1.00E-005	1.00E-005	-49.6485324328
imswc847	254	0.251970341	1.00E-005	1.00E-005	-90.488838428
imswc848	3706	0.075118949	1.00E-005	0.0079625117	-732.41316112
imswc849	136	0.0564155019	1.00E-005	1.00E-005	-57.2397856738
imswc850	250	1.00E-005	1.00E-005	0.0124492315	-79.8574531581
imswc851	764	0.0604723689	1.00E-005	0.0334019946	-218.101467496
imswc852	1618	0.0564683097	1.00E-005	0.0350472929	-391.866296777
imswc853	0	0.01	0.01	0.01	0
imswc854	2032	0.0658961164	0.0024376032	0.0268565606	-481.167135856
imswc855	926	0.0372444837	1.00E-005	0.0405287693	-262.006641099
imswc856	0	0.01	0.01	0.01	0
imswc857	2708	0.0799383009	0.0016347952	0.013739045	-613.590543317
imswc858	36	1.00E-005	0.0099999152	0.2222305532	-19.0184535185
imswc859	0	0.01	0.01	0.01	0
imswc860	3566	0.0948259676	1.00E-005	0.00402011	-609.353529902
imswc861	966	0.0752843894	1.00E-005	0.0413212362	-279.851790995
imswc862	1016	0.1799862601	1.00E-005	0.0062236297	-250.336519538
imswc863	756	0.0954634875	1.00E-005	0.0370779507	-238.141542634
imswc864	644	0.1878921774	1.00E-005	0.0161093081	-191.30876842
imswc866	342	1.00E-005	0.012797145	0.0317152682	-99.4366389653
imswc867	466	0.0478017646	1.00E-005	1.00E-005	-136.495919823
imswc868	10	1.00E-005	0.0099999419	0.600009824	-5.2746008399
imswc869	0	0.01	0.01	0.01	0
imswc870	2807	0.0734515026	1.00E-005	0.016456939	-588.415730694
imswc871	1676	0.0619908628	1.00E-005	0.0157098265	-377.751176141
imswc873	2781	0.0380364953	1.00E-005	0.0167053997	-562.078354217
imswc874	3011	0.0620981865	1.00E-005	0.011416237	-624.214132807
imswc875	1662	0.0951914359	1.00E-005	0.0200740739	-407.556045323
imswc876	3890	0.098862212	1.00E-005	0.003045781	-684.559248072
imswc877	2064	0.0582082829	1.00E-005	0.0195431095	-442.639741444
imswc878	4261	0.0731636887	0.0009522256	0.0030901147	-753.884051947
imswc879	0	0.01	0.01	0.01	0
imswc880	432	0.0324528751	1.00E-005	0.0237031734	-135.470657773
imswc881	0	0.01	0.01	0.01	0
imswc882	4060	0.0758551269	1.00E-005	0.0035547983	-779.915458809
imswc883	1670	0.0269230166	1.00E-005	0.0181403745	-358.574783704
imswc884	3708	0.0912313293	1.00E-005	1.00E-005	-588.599177367
imswc885	1300	0.0467251613	1.00E-005	1.00E-005	-277.057034206
imswc886	3576	0.0684858271	1.00E-005	0.0035631813	-586.77725481
imswc887	2314	0.042768336	1.00E-005	0.011263422	-442.646891556
imswc888	2784	0.0542084509	1.00E-005	0.008783359	-597.089729005
imswc889	4448	0.0831134167	1.00E-005	0.0030926586	-978.769589199
imswc890	0	0.01	0.01	0.01	0
imswc891	3870	0.0748244507	0.0012619444	1.00E-005	-692.101271361
imswc892	234	1.00E-005	1.00E-005	0.2017096972	-94.9378352913
imswc893	1304	0.0280356782	1.00E-005	0.0496426623	-328.937790039
imswc894	1500	0.0772004254	1.00E-005	0.0371231438	-383.378854379
imswc895	2454	0.065368628	1.00E-005	0.0141046771	-525.415757724
imswc896	4528	0.1042072072	1.00E-005	0.0003224912	-810.70385663
imswc897	2208	0.0461574788	1.00E-005	0.0057171373	-401.766180707
imswc898	2738	0.0543908395	1.00E-005	0.0098284578	-513.382365786
imswc899	2661	0.0575624634	1.00E-005	0.0093410169	-516.660893215
imswc900	4100	0.0850846896	1.00E-005	0.0066227904	-788.792103216
imswc901	214	0.0955773346	1.00E-005	1.00E-005	-81.1792164609
imswc902	3881	0.1114191287	0.0010189994	0.0016165793	-693.365347663
imswc903	2572	0.1436165	1.00E-005	1.00E-005	-541.829565346
imswc904	0	0.01	0.01	0.01	0
imswc905	4171	0.0719638168	1.00E-005	0.0050631296	-900.858852457
imswc906	1820	0.0526686073	1.00E-005	0.0324847509	-420.56913555
imswc907	2	0.5	0.01	1.00E-005	-0.2876887391
imswc908	3492	0.0587558451	1.00E-005	0.012358853	-692.260134074
imswc909	20	0.0080019628	0.0099999349	0.208001962	-10.8889997535
imswc910	3532	0.0640507806	1.00E-005	0.0030026972	-595.175708781
imswc911	3222	0.0647187436	1.00E-005	0.0098440771	-743.668058185
imswc912	2929	0.1042439046	1.00E-005	0.0088315401	-529.228844454
imswc913	0	0.01	0.01	0.01	0
imswc914	0	0.01	0.01	0.01	0
imswc915	0	0.01	0.01	0.01	0
imswc916	6	0.3333436231	0.0099999284	1.00E-005	-2.6026896854
imswc917	362	1.00E-005	1.00E-005	1.00E-005	-93.3245610362
imswc918	1606	0.0475828103	1.00E-005	0.0083368295	-317.522076318
imswc919	0	0.01	0.01	0.01	0
imswc920	3476	0.1878389152	1.00E-005	0.0007580127	-597.439997902
imswc921	770	0.0397210075	1.00E-005	0.0341027503	-197.780070495
imswc922	2362	0.048823568	1.00E-005	0.0057864863	-506.819977239
imswc923	452	1.00E-005	1.00E-005	0.0380339257	-127.901683439
imswc924	3399	0.0558557442	0.0013511143	0.0015863903	-546.679088894
imswc925	1466	0.0108484552	1.00E-005	0.0132869948	-268.27428961
imswc926	3814	0.1154105124	1.00E-005	0.0019938634	-639.00475044
imswc927	0	0.01	0.01	0.01	0
imswc928	3914	0.052302832	0.0004774138	0.0009511997	-575.932814637
imswc929	0	0.01	0.01	0.01	0
imswc930	3806	0.0541505634	1.00E-005	0.0024280709	-596.506614176
imswc931	992	0.0208230017	1.00E-005	0.0201579207	-234.562300708
imswc932	3351	0.0550252016	1.00E-005	0.0071096417	-472.110416863
imswc933	2	1.00E-005	0.0099999534	0.99999	-0.6931571806
imswc934	2953	0.0652213561	1.00E-005	1.00E-005	-577.592982165
imswc935	2092	0.0580835198	1.00E-005	6.44E-005	-449.353519415
imswc936	2024	0.0516532618	1.00E-005	0.0172804337	-456.105607016
imswc937	4336	0.1210043336	0.0017445573	0.0026074351	-685.274088815
imswc938	0	0.01	0.01	0.01	0
imswc939	3360	0.1022118824	0.0019292349	0.004682754	-598.216426368
imswc940	74	0.0896247051	1.00E-005	1.00E-005	-30.1522351008
imswc941	2985	0.0880232846	1.00E-005	0.0086098787	-555.585117594
imswc942	1682	0.0828880505	1.00E-005	0.0088929387	-375.345064786
imswc943	1660	0.0609200375	1.00E-005	0.0104590464	-374.307264362
imswc944	4370	0.1237068191	0.0020180201	0.0020709726	-661.012316415
imswc945	1054	0.0506715408	1.00E-005	1.00E-005	-246.943743977
imswc946	1784	0.0625981779	1.00E-005	0.010114835	-411.580086236
imswc947	2565	0.0331422513	1.00E-005	0.0075412088	-461.804409589
imswc948	3515	0.1090649667	1.00E-005	0.0040685283	-601.644393892
imswc949	0	0.01	0.01	0.01	0
imswc950	3235	0.0552359529	1.00E-005	0.0036205628	-563.648447769
imswc951	1850	0.0528972363	1.00E-005	0.0110702923	-380.602635966
imswc952	4062	0.0745446117	1.00E-005	0.0030573752	-642.716784134
imswc953	4078	0.0966096378	0.0040056351	0.0014351309	-771.342078172
imswc954	770	0.1689721525	1.00E-005	0.0089410563	-165.045412444
imswc955	0	0.01	0.01	0.01	0
imswc956	1574	0.0506626301	0.0023715832	0.0094515938	-341.869051722
imswc957	3188	0.089886255	1.00E-005	0.0035860411	-534.001466404
imswc958	2592	0.0644029771	1.00E-005	0.002950693	-407.73332197
imswc959	2456	0.0463431535	1.00E-005	0.0190628697	-549.748493424
imswc960	1754	0.1111023294	1.00E-005	0.0029529192	-372.742160221
isg001	354	0.0317027467	1.00E-005	0.0307188012	-104.625543849
isg002	1108	0.0410450982	1.00E-005	0.0076487103	-227.094987973
isg003	2842	0.0784179998	1.00E-005	0.0089996726	-579.480346751
isg004	82	1.00E-005	1.00E-005	1.00E-005	-32.3855527813
isg005	188	0.067687799	1.00E-005	1.00E-005	-64.3001894628
isg006	1098	0.0733249928	1.00E-005	0.0175453437	-249.743197612
isg007	360	0.1106435142	1.00E-005	0.0133652239	-112.436385693
isg008	2814	0.0742371691	0.0006939967	0.0056772605	-500.547175639
isg009	1946	0.0498561742	1.00E-005	0.01291853	-391.588846516
isg010	942	0.0212977916	1.00E-005	0.017710057	-220.60764743
isg011	368	1.00E-005	1.00E-005	1.00E-005	-96.1786344059
isg012	1520	0.5	0.01	0.0084362621	-181.168288266
isg013	2766	0.0320951998	1.00E-005	0.0094526689	-424.394911277
isg014	2532	0.1516814066	1.00E-005	0.0008100332	-539.992865796
isg015	88	0.1135858186	1.00E-005	0.1012352098	-41.4969337985
isg016	2634	0.076396861	1.00E-005	0.016802228	-581.152513116
isg017	1718	0.0262962446	1.00E-005	0.0037343788	-310.67987319
isg018	3104	0.0658011904	1.00E-005	1.00E-005	-591.684510682
isg019	242	0.0232476974	1.00E-005	0.0555930103	-87.0983504569
isg020	1982	0.0509242077	1.00E-005	0.0123443524	-422.274126871
isg021	1166	0.051165045	1.00E-005	0.0152461914	-275.362795492
isg022	1634	0.0300420758	1.00E-005	0.0171381937	-356.456269111
isg023	1728	0.151583511	1.00E-005	0.010842064	-370.989725733
isg024	672	0.0174000092	1.00E-005	0.0577128193	-199.480815584
isg025	3140	0.0471415496	1.00E-005	0.0033552325	-475.825312404
isg026	510	0.1749374039	1.00E-005	0.0276685919	-174.569355936
isg027	2204	0.0649771588	1.00E-005	0.0080314215	-418.082552289
isg028	1340	0.0285143743	1.00E-005	1.00E-005	-279.556079374
isg029	1526	0.0641174931	1.00E-005	0.0090260659	-348.586830717
isg030	768	0.0059686976	1.00E-005	0.0425453396	-189.480420454
isg031	622	0.0318076599	1.00E-005	0.0193209403	-163.011536643
isg032	3050	0.0750242952	1.00E-005	0.0027464192	-451.102770912
isg033	976	0.0555138974	1.00E-005	0.0360107799	-263.640788394
isg034	1106	0.0695887381	1.00E-005	1.00E-005	-248.438096125
isg035	706	1.00E-005	1.00E-005	0.0155828046	-159.485519535
isg036	2532	0.0395215312	1.00E-005	0.0154885245	-496.991095252
isg037	1270	0.027141466	1.00E-005	0.0153916529	-278.493674031
isg038	2034	0.0539550217	1.00E-005	0.008375902	-400.058601635
isg039	570	0.0202531417	1.00E-005	0.021829404	-169.005686637
isg040	2700	0.0826087138	1.00E-005	0.0037026402	-458.600104243
isg041	2938	0.0455930385	1.00E-005	0.0027709038	-521.496859134
isg042	1036	0.064469176	1.00E-005	0.0141712729	-257.338202146
isg043	646	0.024078977	1.00E-005	0.0608705575	-183.740939831
isg044	3240	0.0848924613	1.00E-005	0.0072028875	-502.332340056
isg045	2034	0.0423194579	1.00E-005	0.0033007442	-409.716322467
isg046	1680	0.0245706654	1.00E-005	0.0099565103	-338.578412828
isg047	1474	0.0366695776	1.00E-005	0.0132436882	-281.3938117
isg048	1636	0.0384040296	1.00E-005	0.0131728319	-345.714832678
isg049	550	1.00E-005	1.00E-005	0.023022259	-134.421579825
isg050	2024	0.0618033739	1.00E-005	0.0055567496	-382.71361043
isg051	2734	0.0640311517	1.00E-005	0.0105086957	-538.731180798
isg052	46	0.5	0.01	1.00E-005	-15.6658264038
isg053	100	1.00E-005	1.00E-005	0.0536417082	-37.0525858549
isg054	1418	0.0212308419	1.00E-005	0.0331577866	-339.932256892
isg055	904	0.0493368899	1.00E-005	0.0301441181	-218.678186534
isg056	2703	0.0899306921	1.00E-005	0.0057942316	-517.441567302
isg057	2136	0.0418055193	1.00E-005	0.0066505606	-374.221539297
isg058	1536	0.0129577031	1.00E-005	0.004473103	-291.315614324
isg059	782	0.0429615859	1.00E-005	0.0401470561	-218.231402123
isg060	1958	0.032429278	1.00E-005	0.0059333972	-378.40678638
isg061	2810	0.0486639463	1.00E-005	0.0125804074	-589.33970291
isg062	2902	0.068428631	1.00E-005	0.0131307118	-556.106742129
isg063	58	1.00E-005	1.00E-005	1.00E-005	-23.4009041856
isg064	2816	0.0541777063	1.00E-005	1.00E-005	-500.776844365
isg065	964	0.0345784652	1.00E-005	0.012377394	-217.952126155
isg066	3056	0.0529293642	0.0021387067	0.011539523	-585.346681263
isg067	1174	0.0545336344	1.00E-005	0.0144934666	-285.156728085
isg068	2420	0.0591881533	0.0001696664	0.0180892599	-501.838987986
isg069	982	0.0798553996	1.00E-005	0.0328830763	-268.709893842
isg070	1996	0.0342391474	1.00E-005	0.0072651059	-306.902365602
isg071	1750	0.5	1.00E-005	0.0134217587	-238.818041589
isg072	1826	0.0487564749	1.00E-005	0.0245514631	-396.631973592
isg073	2888	0.1083953662	1.00E-005	0.0083467822	-603.195144208
isg074	920	0.0212780948	1.00E-005	0.0322239209	-216.710958934
isg075	2496	0.0222499118	1.00E-005	0.0024402128	-436.987732184
isg076	1716	0.0265706632	1.00E-005	0.0210105619	-384.675643469
isg077	1848	0.038293476	1.00E-005	0.0159034341	-407.177023123
isg078	772	0.03907744	1.00E-005	0.0417883159	-204.064349175
isg079	1814	0.0335451886	1.00E-005	0.0088961375	-359.320384171
isg080	3404	0.0580050414	1.00E-005	0.0035517868	-654.986540896
isg081	862	0.0296444584	1.00E-005	0.0013890902	-189.413277599
isg082	1583	0.0110189875	1.00E-005	0.0076263816	-261.210938234
isg083	500	0.0222713464	1.00E-005	0.0278430302	-129.96650531
isg084	2190	0.0519328071	1.00E-005	0.0047688954	-458.975100772
isg085	1306	0.0371831924	1.00E-005	0.0116090375	-288.067137223
isg086	1554	0.057951914	1.00E-005	0.0175759687	-363.256291487
isg087	996	0.045198218	1.00E-005	0.0169048307	-221.296591207
isg088	2958	0.0634948591	1.00E-005	0.0047861765	-532.843313451
isg089	1598	0.02833029	1.00E-005	0.0217684173	-340.309060556
isg090	410	0.0214985427	1.00E-005	0.0452182823	-138.280323664
isg091	542	0.0204534126	1.00E-005	0.0335088348	-151.759369373
isg092	3013	0.5	0.2500000157	0.0102604239	-378.720418203
isg093	1718	0.5	0.009994348	0.0067108794	-217.730869512
isg094	1905	0.0551295634	1.00E-005	0.0080305285	-381.643716135
isg095	1730	0.0747305486	1.00E-005	0.0067191844	-320.004180835
isg096	940	0.5	0.0920944107	0.0332937966	-179.441634997
isg097	0	0.01	0.01	0.01	0
isg098	650	0.03817506	1.00E-005	0.0098548004	-145.601752995
isg099	2535	0.0453976293	1.00E-005	0.0117385421	-474.929830146
isg100	52	0.1815688115	1.00E-005	1.00E-005	-21.4310397862
isg101	76	1.00E-005	1.00E-005	0.0141960731	-33.9327089932
isg102	1360	0.0310246563	0.0068086817	0.0095919024	-314.372789334
isg103	626	0.0317861633	1.00E-005	0.0221598193	-173.030556004
isg104	2673	0.0375066753	1.00E-005	0.0071928569	-467.572772717
isg105	1612	0.0190576255	1.00E-005	0.0232101767	-339.173148766
isg106	708	0.0404897247	1.00E-005	0.0193341962	-165.724515245
isg107	182	0.029996316	1.00E-005	0.0837482871	-69.8873257928
isg108	1626	0.0267844246	1.00E-005	0.0180759071	-345.485850031
isg109	1748	0.0415011576	0.0064363626	0.0156947803	-381.093677817
isg110	2394	0.0808284012	0.0013359394	0.0107016186	-457.270712869
isg111	194	0.053425662	1.00E-005	0.0834576038	-73.5611797659
isg112	2918	0.0388625595	1.00E-005	0.0060030668	-467.944461091
isg113	718	0.0897646155	1.00E-005	0.008747586	-164.616736878
isg114	2754	0.064954995	1.00E-005	0.0033553339	-494.097006801
isg115	600	0.0586067155	1.00E-005	0.0184069521	-183.218919577
isg116	1910	0.0315478946	1.00E-005	0.0101406555	-386.703951722
isg117	740	0.0179348362	0.002386541	0.0535758472	-204.829859045
isg118	1312	0.031730669	1.00E-005	0.016949858	-278.057149778
isg119	1500	0.0475605399	1.00E-005	0.0093084353	-315.2215882
isg120	1528	0.0436759005	1.00E-005	0.0311986086	-364.214551565
isg121	2778	0.0829552141	1.00E-005	0.0009675067	-426.236948344
isg122	564	0.0439164696	1.00E-005	0.0408969102	-176.735003839
isg123	1672	0.0293840117	1.00E-005	0.016607727	-334.639763583
isg124	1202	0.0213310304	1.00E-005	0.0099582908	-247.863451642
isg125	1514	0.0324422502	1.00E-005	0.0326528355	-331.641598662
isg126	946	0.3155183065	1.00E-005	0.0104257343	-244.516277011
isg127	572	0.0472947619	1.00E-005	0.0252747187	-156.958144248
isg128	2506	0.0644417809	1.00E-005	0.0099303318	-557.0024363
isg130	1300	0.0363844919	1.00E-005	0.0356650221	-313.978587234
isg131	542	0.0122490861	1.00E-005	0.020131401	-143.608563447
isg132	2724	0.0532464172	1.00E-005	1.00E-005	-498.874286655
isg133	672	0.0130375053	0.0073893164	1.00E-005	-164.563927047
isg134	1996	0.0704521413	1.00E-005	0.0086264566	-380.32970063
isg135	578	0.0264577873	1.00E-005	0.0306538077	-162.72169614
isg136	2168	0.0648244962	0.0023068345	0.0074390653	-419.804357089
isg137	2460	0.0435818771	1.00E-005	0.0012118661	-473.263628698
isg138	278	0.1602698182	1.00E-005	0.0970118023	-109.704139161
isg139	274	0.1230927745	0.0026286375	1.00E-005	-111.10761325
isg140	2132	0.0486078451	1.00E-005	0.0217533885	-482.285751561
isg141	1772	0.5	0.2500298743	0.0199590961	-279.71569698
isg142	1664	0.3777058255	1.00E-005	0.0284791448	-385.271973133
isg143	1000	0.0223424069	1.00E-005	0.0214828965	-250.276304012
isg144	1442	0.0330510059	1.00E-005	0.0234098948	-321.304782843
isg145	1612	0.0201151957	1.00E-005	0.0027163422	-274.011418707
isg146	2808	0.0678975546	0.002915537	0.0077395155	-559.240387592
isg147	3068	0.5	1.00E-005	0.0003154989	-409.308780293
isg148	1004	0.0386581526	1.00E-005	0.0084678634	-216.132695462
isg149	876	0.0260947202	1.00E-005	0.0481541906	-229.631400951
isg150	2924	0.2970518467	1.00E-005	0.0045315439	-540.173009442
isg151	2280	0.0650448432	1.00E-005	0.0035977789	-469.429305953
isg152	3926	0.077363421	0.000498376	0.0018069197	-745.175214904
isg153	2102	0.0357960373	1.00E-005	0.0122281124	-425.912282869
isg154	2848	0.0551137208	1.00E-005	0.0014896903	-506.706310966
isg155	2322	0.0567602063	1.00E-005	0.0252904109	-500.398808467
isg156	3203	0.0590422309	1.00E-005	0.004325592	-546.288958871
isg157	2832	0.0579784049	1.00E-005	0.0103461644	-533.825296002
isg158	3950	0.0975279985	1.00E-005	1.00E-005	-770.882808861
isg159	1316	0.0427379229	1.00E-005	0.0086625752	-303.083428343
isg160	3936	0.0688727153	0.0006264082	0.0078283848	-715.041666402
isg161	2438	0.0384508271	1.00E-005	0.0199922189	-511.404787717
isg162	854	0.0611061041	1.00E-005	0.0154862544	-188.511692982
isg163	918	0.5	0.0099999949	0.0073731616	-118.584052756
isg164	2742	0.0742776379	1.00E-005	0.0021571103	-515.211283853
isg165	1336	0.4993069409	1.00E-005	0.0305400834	-312.530189153
isg166	2913	0.0690396652	0.0012824693	0.0062262544	-641.37542745
isg167	2240	0.0472605734	1.00E-005	0.0188663213	-443.838205719
isg168	1596	0.0841617243	1.00E-005	0.0158101237	-406.711039222
isg169	4316	0.0503508567	1.00E-005	1.00E-005	-491.050078256
isg170	2146	0.0519057332	1.00E-005	0.0112694006	-458.531979685
isg171	3053	0.0527974602	1.00E-005	0.0080557518	-470.702454237
isg172	2832	0.0597543158	1.00E-005	0.0091926103	-549.498030256
isg173	3140	0.1148613961	1.00E-005	0.0020926942	-540.391628956
isg174	1794	0.057117009	1.00E-005	0.0217969949	-409.689833048
isg175	2264	0.0641783703	1.00E-005	0.0057319311	-485.596597246
isg176	4244	0.0698179007	1.00E-005	1.00E-005	-708.062678388
isg177	1816	0.0377856563	1.00E-005	0.0082779031	-354.17806838
isg178	1654	0.0275848968	1.00E-005	1.00E-005	-340.108150158
isg179	1486	0.0476198835	1.00E-005	0.0119288593	-300.660809093
isg180	3378	0.1129759904	1.00E-005	0.0043897364	-635.505162228
isg181	1977	0.0333494337	1.00E-005	0.014813792	-371.214678309
isg182	2748	0.0552074146	0.000503378	0.0053987316	-524.730555942
isg183	2160	0.0472676604	1.00E-005	0.0117436275	-378.523581289
isg184	0	0.01	0.01	0.01	0
isg185	3942	0.0903968518	0.0007476175	0.0044879943	-755.577451951
isg186	2000	0.0239000348	1.00E-005	0.0178571947	-416.611778987
isg187	1244	0.0173750135	1.00E-005	0.032943351	-298.637354604
isg188	3556	0.0925672087	0.0013467191	0.0065109746	-692.952495079
isg189	2462	0.049899564	1.00E-005	0.0019501763	-435.452849206
isg190	2888	0.0770639143	1.00E-005	0.0122273517	-603.180983344
isg191	3085	0.038859997	1.00E-005	0.0130203487	-587.813783957
isg192	2770	0.0347527077	1.00E-005	0.0055125222	-415.992269734
isg193	2280	0.0625981761	1.00E-005	0.0072960716	-462.997595142
isg194	2829	0.0578304768	1.00E-005	0.0028335774	-578.954320061
isg195	3558	0.04541063	1.00E-005	0.0026092113	-595.598089488
isg196	1090	0.0254393322	1.00E-005	0.0216809114	-269.432124021
isg197	1436	0.057892892	1.00E-005	0.0025643367	-325.019052778
isg198	2126	0.0380107818	1.00E-005	0.0388742257	-481.254589713
isg199	1350	0.0120839537	1.00E-005	0.0242065128	-298.283319314
isg200	3492	0.0904384265	1.00E-005	1.00E-005	-512.487475397
isg201	2085	0.0432982727	0.0020908189	0.0177802402	-451.530256466
isg202	2992	0.0631920436	1.00E-005	0.0042752594	-389.607091039
isg203	1846	0.0231914469	1.00E-005	0.0146080305	-367.12749553
isg204	2666	0.0624455185	1.00E-005	0.0051332889	-499.370069605
isg205	2079	0.5	1.00E-005	0.0054886219	-431.946902131
isg206	3170	0.0985909334	1.00E-005	0.0046483069	-503.147961873
isg207	1078	0.0456448139	1.00E-005	0.0224626784	-255.954856628
isg208	3835	0.0162328994	1.00E-005	0.4858837162	-838.332590337
isg209	2368	0.0320308332	1.00E-005	0.0127781672	-405.293573766
isg210	3162	0.0773965059	1.00E-005	0.005061842	-661.213706249
isg211	1598	0.0364329117	1.00E-005	0.0153153473	-327.613629344
isg212	2908	0.0573312629	1.00E-005	0.0063107921	-603.786389926
isg213	3030	0.0623408785	1.00E-005	0.0064928866	-587.685667353
isg214	1886	0.0621603855	1.00E-005	0.0149509614	-432.68935756
isg215	2146	0.0586699767	1.00E-005	0.0088335741	-394.497835679
isg216	2910	0.0764937093	1.00E-005	0.0112353826	-544.704479
isg217	4078	0.0904919047	1.00E-005	0.0061493818	-751.261152688
isg218	3362	0.0855989223	1.00E-005	1.00E-005	-640.009750297
isg219	3292	0.0713743024	0.0013436042	0.0050703251	-603.618039005
isg220	3266	0.0586692827	1.00E-005	0.0013107511	-556.691154441
isg221	3096	0.0672959436	1.00E-005	1.00E-005	-584.312313452
isg222	1282	0.0403169336	1.00E-005	0.0212544719	-314.058730401
isg223	2170	0.3718452863	1.00E-005	1.00E-005	-460.084550339
isg224	0	0.01	0.01	0.01	0
isg225	1540	0.0580244554	1.00E-005	0.0087784736	-332.326650015
isg226	2740	0.063994554	1.00E-005	0.0037679316	-505.09770272
isg227	2444	0.081587176	1.00E-005	0.0119460598	-511.429641323
isg228	3585	0.0808379544	1.00E-005	0.002563819	-596.840578297
isg229	2620	0.0553519836	1.00E-005	0.011716062	-529.45654777
isg230	3283	0.0641555543	1.00E-005	0.005623772	-567.276047259
isg231	2781	0.0414944683	1.00E-005	0.0028910262	-464.222212388
isg232	3557	0.0917730079	1.00E-005	0.0064450945	-675.222425988
isg233	4106	0.0684410808	0.0002844017	0.0030101463	-721.230061212
isg234	1578	0.0297323963	1.00E-005	0.0208175712	-322.347153681
isg235	1994	0.042844075	1.00E-005	0.0211824582	-419.013664636
isg236	4420	0.0700540619	1.00E-005	0.0057503592	-736.810598662
isg237	2600	0.0484562571	1.00E-005	0.0032496375	-461.538639399
isg238	2965	0.053734989	1.00E-005	0.0085817941	-586.362663706
isg239	2198	0.0458723697	1.00E-005	0.0148793991	-457.775257858
isg240	1944	0.0792386785	1.00E-005	1.00E-005	-407.085709779
isg241	352	0.0680891375	1.00E-005	1.00E-005	-110.335633108
isg242	6	0.0066699075	0.0099999609	0.3400033684	-3.295836866
isg243	2288	0.0401882516	0.0009147616	0.0100590371	-470.137427504
isg244	82	1.00E-005	1.00E-005	0.1870777982	-35.6966092332
isg245	112	1.00E-005	1.00E-005	0.0258211882	-40.8356990398
isg246	846	0.0352378312	1.00E-005	0.0056946356	-187.863546786
isg247	344	0.0597805113	1.00E-005	0.0574649458	-121.762260514
isg248	2871	0.0555247507	1.00E-005	0.0066128939	-528.002366002
isg249	1964	0.0646867369	1.00E-005	0.0124921976	-422.948532168
isg250	574	0.0245047817	1.00E-005	0.0704097213	-175.316454452
isg251	604	0.0189168764	1.00E-005	0.0466454825	-169.656083278
isg252	1952	0.0312864304	1.00E-005	0.0235331531	-396.670377411
isg253	2398	0.0550008281	0.0034820658	0.0150432871	-529.003331562
isg254	2476	0.0940862452	1.00E-005	0.0059495228	-564.946708482
isg255	242	0.0645157998	1.00E-005	0.0804461047	-95.2814906926
isg256	2980	0.0886498713	1.00E-005	0.0028203513	-584.032009065
isg258	2322	0.0728718126	0.0006936734	0.0118103194	-466.471016329
isg259	882	0.0091354294	1.00E-005	0.0073847787	-201.670891458
isg260	1648	0.0466108806	1.00E-005	0.0140586653	-332.684538874
isg261	894	0.0431068437	1.00E-005	0.015427076	-236.545631012
isg262	1064	0.0335840565	1.00E-005	0.0311256531	-269.224204162
isg263	2198	0.0595654738	1.00E-005	0.0233260564	-493.200994167
isg264	2092	0.0755870101	1.00E-005	0.0116391924	-446.584798922
isg265	2332	0.0385141386	1.00E-005	0.0089550591	-417.586511669
isg266	486	0.0300003527	1.00E-005	0.0266652824	-132.859516076
isg267	2034	0.0759743958	1.00E-005	0.0100882649	-402.861682537
isg268	1570	0.0593823684	1.00E-005	0.0125398607	-323.1064541
isg269	2072	0.070205026	1.00E-005	0.0107597795	-390.336059353
isg270	1016	0.0390676243	1.00E-005	0.0329934759	-253.605338272
isg271	1292	0.0424949398	1.00E-005	0.0120536283	-285.591714355
isg272	3660	0.0958295455	0.0004527557	0.0041002505	-576.250525971
isg273	1302	0.0730323581	1.00E-005	0.0144452113	-299.328717025
isg274	1528	0.0406885982	1.00E-005	0.0182808197	-340.320973825
isg275	1234	0.0266578092	1.00E-005	0.0135772465	-270.045555166
isg276	2382	0.047719741	1.00E-005	0.0078985384	-486.738793149
isg277	1456	0.0432853038	1.00E-005	0.0227492254	-337.282126036
isg278	2492	0.085571702	1.00E-005	0.006948463	-525.312381273
isg279	1476	0.0793812075	1.00E-005	0.0164661213	-311.475411382
isg280	3510	0.1279308137	1.00E-005	0.0034712937	-513.995608103
isg281	0	0.01	0.01	0.01	0
isg282	606	0.0281597192	1.00E-005	0.016359247	-164.762932975
isg283	852	0.0438929002	1.00E-005	0.0324764914	-240.910472573
isg284	3510	0.0728094434	1.00E-005	0.0050877524	-559.519084217
isg285	2604	0.0427992226	1.00E-005	0.0072502077	-448.968195263
isg286	2676	0.0955663519	1.00E-005	0.0077505638	-555.531194429
isg287	1966	0.0347546041	1.00E-005	0.0125285463	-357.516921155
isg288	2194	0.0350065626	1.00E-005	0.0205001725	-457.256885596
isg289	638	0.0371976996	1.00E-005	0.0512000946	-180.867879199
isg290	2768	0.0829883739	1.00E-005	0.0061944724	-522.883142363
isg291	3442	0.0973447129	0.0014325511	0.0027579348	-671.90103917
isg292	348	0.0598459226	1.00E-005	0.0224740871	-122.564364022
isg293	654	0.0406069144	1.00E-005	0.0337434703	-190.138016936
isg294	2344	0.0722888212	0.0008885334	0.0095614356	-488.08916504
isg295	1240	0.0169754399	1.00E-005	0.0223951239	-273.536787557
isg296	3611	0.132794463	0.0032832632	1.00E-005	-697.522795128
isg297	2238	0.0342416119	1.00E-005	0.0195583131	-446.968034622
isg298	1880	0.051907848	0.002019564	0.022141051	-471.700050281
isg299	1074	0.0351930149	1.00E-005	0.0013520577	-230.125581625
isg300	1320	0.3022033047	1.00E-005	0.0419500214	-356.755151857
isg301	2812	0.0550656068	1.00E-005	0.0087914794	-520.197032472
isg302	2790	0.0521782116	1.00E-005	0.0038779402	-597.39419529
isg303	446	1.00E-005	1.00E-005	0.0160315118	-119.720143235
isg304	3036	0.3471148579	1.00E-005	0.0043634579	-544.478961195
isg305	1744	0.4135281478	1.00E-005	0.0060755659	-391.687361376
isg306	2762	0.0615618503	1.00E-005	0.0097142547	-519.297137535
isg307	540	0.0391848566	1.00E-005	0.0341163019	-144.522652703
isg308	1436	0.0092784872	1.00E-005	0.0225911745	-295.179514427
isg309	1026	0.0183949686	1.00E-005	0.0314719686	-253.247899889
isg310	1724	0.0341785716	1.00E-005	0.0132341763	-359.47644127
isg311	2172	0.0420379006	1.00E-005	0.0063163151	-413.028459818
isg312	2164	0.0372231341	1.00E-005	0.0136111737	-428.462299861
isg313	3326	0.065238608	1.00E-005	0.0087835026	-683.987253286
isg314	410	0.04696382	1.00E-005	0.0499580794	-129.598540754
isg315	2270	0.0847087713	1.00E-005	0.0147518617	-485.895080648
isg316	1400	0.2295221784	1.00E-005	0.0322592763	-329.604253636
isg317	1590	0.0407406047	0.0028240219	0.0100577994	-340.259368529
isg318	1084	0.0548637462	1.00E-005	0.0249405034	-258.007396934
isg319	2644	0.086548854	1.00E-005	0.0101093661	-513.061828451
isg320	3626	0.0812395525	0.0005977376	0.0058015219	-668.23333196
isg321	1596	0.0456871256	1.00E-005	0.0080855488	-301.330167779
isg322	1404	0.0633795793	1.00E-005	0.010025042	-349.684830651
isg323	878	0.030210826	1.00E-005	0.0225682224	-218.542023632
isg324	3920	0.1067319397	1.00E-005	0.0023179969	-743.112716678
isg325	1574	0.059262836	1.00E-005	0.0189876164	-365.652832654
isg326	2294	0.0537196054	0.0018833156	0.0135623057	-479.863566963
isg327	1090	0.0624341035	1.00E-005	0.019056489	-275.524982556
isg328	3654	0.0725323946	1.00E-005	0.0045248763	-644.796342586
isg329	3472	0.0824980668	1.00E-005	1.00E-005	-584.675320034
isg330	872	0.0223545398	1.00E-005	0.018905601	-218.359431328
isg331	438	0.0510981484	1.00E-005	0.010276813	-140.252914909
isg332	3140	0.0628688161	1.00E-005	1.00E-005	-619.880562044
isg333	2238	0.0639004576	1.00E-005	0.0205141509	-553.399393924
isg334	1346	0.0195271359	1.00E-005	0.0190819464	-293.637372801
isg335	1402	0.0756620187	1.00E-005	0.0087056631	-258.106083977
isg336	2140	0.0795494335	1.00E-005	0.0041423909	-426.585234369
isg337	778	0.1231243634	1.00E-005	0.0298154067	-222.416675969
isg338	734	0.0276897746	1.00E-005	1.00E-005	-185.999367291
isg339	3101	0.1131504321	1.00E-005	0.0173773637	-704.357633808
isg340	184	1.00E-005	1.00E-005	0.084031036	-75.5749042096
isg341	364	0.0397013524	1.00E-005	0.0534893782	-127.427030248
isg342	1320	0.04032878	1.00E-005	0.0071183696	-274.55530406
isg343	642	0.0633567271	1.00E-005	0.0450073658	-193.111715225
isg344	3427	0.077292668	1.00E-005	0.0007451407	-629.451021838
isg345	2765	0.0355347743	1.00E-005	0.0050722622	-443.445912829
isg346	1280	0.1777878254	1.00E-005	0.0126563697	-311.103082313
isg347	508	0.0330581158	1.00E-005	1.00E-005	-112.962937349
isg348	2020	0.059467305	1.00E-005	0.0022453446	-393.858782881
isg349	2161	0.0428121009	0.0010703084	0.0326354194	-494.472317993
isg350	3520	0.0788644605	1.00E-005	0.0051458972	-564.466497654
isg351	664	0.0251265149	1.00E-005	0.0284976889	-184.795025426
isg352	3472	0.037297626	1.00E-005	0.0055184964	-547.546833948
isg353	1042	0.0285991498	1.00E-005	0.0384389779	-262.833754562
isg354	2900	0.0642488245	1.00E-005	0.0020386706	-469.541525053
isg355	1274	0.0377129373	1.00E-005	1.00E-005	-260.578428975
isg356	1924	0.0238034306	1.00E-005	0.0392157343	-420.374108731
isg357	2100	0.0448644445	1.00E-005	0.0180354163	-462.84145623
isg358	1970	0.0382936336	1.00E-005	0.0165738555	-390.119093334
isg359	1920	0.0230213292	1.00E-005	0.0184594196	-403.851621569
isg360	2322	0.0289496281	1.00E-005	0.0157030732	-426.547188001
isg361	3444	0.0820111433	1.00E-005	0.0044513297	-672.587336645
isg362	970	0.0226466214	1.00E-005	0.022104876	-234.208575861
isg363	2632	0.0401813437	1.00E-005	0.0039898646	-418.894671154
isg364	2945	0.047511157	1.00E-005	0.0027325636	-548.547707158
isg365	1624	0.0483597213	1.00E-005	0.0146516928	-354.631950972
isg366	1460	0.0629069094	1.00E-005	0.0115955887	-314.176181679
isg367	1944	0.0408425101	1.00E-005	0.0196210761	-423.350188309
isg368	3397	0.0489719372	1.00E-005	0.0058743807	-647.225370151
isg369	1148	0.0570008227	1.00E-005	0.0168678215	-262.104395771
isg370	1588	0.0233742296	1.00E-005	0.0225188831	-322.143882408
isg371	1246	0.0781128042	1.00E-005	0.0112775026	-296.040439673
isg372	3332	0.0757382054	1.00E-005	0.0026697062	-571.405706407
isg373	1222	0.0135933621	1.00E-005	0.0255340774	-280.423353164
isg374	2208	0.0540588769	1.00E-005	1.00E-005	-476.056996818
isg375	1234	0.0167959524	1.00E-005	0.033983271	-293.141637201
isg376	3572	0.0916785163	1.00E-005	1.00E-005	-671.503106969
isg377	3456	0.0925837615	1.00E-005	0.0060469718	-720.876430927
isg378	1400	0.0308739833	1.00E-005	0.02247885	-307.118365943
isg379	1204	0.0296332885	1.00E-005	0.0242284617	-286.127619765
isg380	3304	0.0754450254	1.00E-005	0.0050515818	-568.782043781
isg381	2004	0.045669892	1.00E-005	0.0190980864	-450.057299536
isg382	2458	0.0427237935	1.00E-005	0.0021287626	-413.284438277
isg383	1624	0.0134087541	1.00E-005	0.0317889857	-346.555326335
isg384	1550	0.072552935	1.00E-005	0.006318392	-292.93007738
isg385	1058	0.034178957	1.00E-005	0.0137770887	-223.45058475
isg386	3662	0.0373585707	1.00E-005	0.0016495178	-546.684682559
isg387	4171	0.0688410593	1.00E-005	0.0069724504	-790.821139263
isg388	1574	0.0609475697	1.00E-005	1.00E-005	-325.263211137
isg389	2554	0.0482883663	1.00E-005	0.0021521642	-455.969268724
isg390	2302	0.0572227493	1.00E-005	0.0068256838	-483.557823678
isg391	1935	0.0290541395	1.00E-005	0.6060671683	-520.907262981
isg392	4082	0.0882499224	1.00E-005	0.0050311204	-751.843504465
isg393	3274	0.0669606706	1.00E-005	0.0044435842	-585.041450128
isg394	3337	0.0982604703	1.00E-005	1.00E-005	-658.79854431
isg395	3141	0.0658177991	1.00E-005	0.0058677761	-528.885840503
isg396	3561	0.0780114188	0.0005173456	0.0021484386	-700.416679128
isg397	3012	0.075770033	1.00E-005	0.0068487755	-683.189842043
isg398	4216	0.0826266413	0.0004844419	0.0030778143	-746.598652743
isg399	2146	0.0269242016	1.00E-005	0.0166232	-426.717857976
isg400	4408	0.073492197	1.00E-005	0.0024500303	-665.13772222
isg401	3224	0.0786607754	1.00E-005	0.005480452	-640.072626856
isg402	4032	0.1035287576	1.00E-005	1.00E-005	-725.251560889
isg403	1788	0.0468128388	1.00E-005	0.0428560447	-452.285063577
isg404	3241	0.0344364283	0.0015329233	0.0115764262	-541.387782005
isg405	1836	0.0296313842	1.00E-005	0.0126428833	-380.170703023
isg406	2798	0.0663260801	1.00E-005	0.0051942968	-427.764699732
isg407	3250	0.0560209126	1.00E-005	0.0051218382	-533.717296186
isg408	2935	0.0581265665	1.00E-005	0.0054289528	-519.049605121
isg409	4122	0.0905683523	1.00E-005	0.0019374745	-809.722237569
isg410	2032	0.0437042932	1.00E-005	0.0221920487	-466.974548487
isg411	3163	0.0463788042	1.00E-005	0.0308618515	-725.090420762
isg412	3050	0.0712770949	1.00E-005	0.0128249226	-669.658674689
isg413	3594	0.0765685726	1.00E-005	1.00E-005	-698.091339393
isg414	3084	0.0722199571	1.00E-005	0.009420528	-652.775063478
isg415	3211	0.0668243297	0.0009832225	0.0031905456	-538.650183062
isg416	3760	0.1306154482	1.00E-005	0.0022226854	-487.531864895
isg417	2547	0.1130856542	0.0025897753	0.0042697349	-499.364374365
isg418	3173	0.0691115782	1.00E-005	0.0067668962	-569.270801278
isg419	2882	0.0555453989	1.00E-005	0.0056487718	-552.10961377
isg421	3234	0.0665493194	1.00E-005	0.007340746	-615.23282332
isg423	2782	0.0638067401	1.00E-005	0.0083612014	-589.808294463
isg424	4186	0.5	0.072494566	0.0008744062	-397.397689098
isg425	4016	0.5	0.1793217674	0.0078417775	-512.928938708
isg426	1356	0.0408186298	1.00E-005	0.0084816885	-306.484441293
isg427	1814	0.0430414325	1.00E-005	0.0173238641	-367.141440623
isg428	4126	0.1213822794	1.00E-005	0.0026337111	-923.584269582
isg429	3419	0.0903039318	1.00E-005	0.0067587993	-607.359151675
isg430	3101	0.0551219752	1.00E-005	0.0090520377	-536.480850342
isg431	3131	0.0410787871	1.00E-005	0.0087196943	-511.610164869
isg432	2691	0.0563812514	1.00E-005	0.0126031129	-525.719047002
isg433	234	0.5	1.00E-005	0.0011862762	-44.3487585474
isg434	1550	0.5	1.00E-005	0.0214398352	-235.177574997
isg435	3158	0.0647561088	1.00E-005	0.0031477715	-499.06272293
isg436	558	0.09761145	1.00E-005	0.0402301569	-161.161202889
isg437	44	0.5	0.0100000235	1.00E-005	-10.5350026794
isg438	1408	0.0205882484	1.00E-005	0.0225519231	-325.251003307
isg439	44	1.00E-005	1.00E-005	0.0230417363	-20.3249488262
isg440	3453	0.0787753096	0.0032602105	0.0032832036	-594.846788609
isg441	2480	0.0235657329	1.00E-005	0.0085450351	-452.496944972
isg442	1008	0.0545247844	1.00E-005	0.0226400554	-238.863548015
isg443	390	1.00E-005	1.00E-005	0.0445240741	-112.078684892
isg444	1300	0.0463249335	1.00E-005	0.006581525	-278.1223821
isg445	2088	0.071177884	1.00E-005	0.0094947996	-408.646949174
isg446	2838	0.5	0.3925615041	0.0040291456	-327.44567312
isg447	76	0.3019353	1.00E-005	1.00E-005	-26.1136007385
isg448	3732	0.0782777855	1.00E-005	0.0049937821	-666.68731522
isg449	542	0.5	1.00E-005	0.0303575443	-122.078533901
isg451	4	0.01	0.01	0.01	-2.0794415417
isg452	1496	0.0442621393	1.00E-005	0.0123271567	-346.082216907
isg453	844	0.0271676114	1.00E-005	0.0022037524	-220.856598511
isg454	1776	0.044920603	1.00E-005	0.0178662764	-414.235445687
isg455	1782	0.035691358	0.002299298	0.0210101414	-387.959272991
isg456	2232	0.0671260955	1.00E-005	0.0024531875	-398.276812568
isg457	3551	0.0605999352	1.00E-005	0.0106857652	-779.923682373
isg458	14	0.1500027787	0.0099999496	0.0071456393	-6.8597982746
isg459	2524	0.0575729478	1.00E-005	0.0163722141	-530.408501409
isg460	2452	0.0582029553	1.00E-005	0.0154751826	-534.289668226
isg462	2492	0.0578281922	1.00E-005	0.0092876638	-472.0109014
isg463	902	0.0338488185	1.00E-005	1.00E-005	-220.768868874
isg464	3618	0.0903463963	1.00E-005	0.003356446	-726.62152796
isg465	736	0.0085045474	1.00E-005	0.0387445112	-189.95320885
isg466	1106	0.0375273083	1.00E-005	0.0038304178	-216.925705321
isg468	3000	0.0419427799	1.00E-005	0.008078131	-518.15540322
isg469	1290	0.0524646553	1.00E-005	0.0044055309	-217.194703952
isg470	2232	0.047547588	1.00E-005	0.0009363189	-464.655163386
isg471	1384	0.0204049679	1.00E-005	0.0359402212	-326.338992277
isg472	3780	0.0719987955	0.0004323556	0.0005441014	-717.677228407
isg473	3362	0.0736201593	1.00E-005	0.0052617489	-583.527737258
isg474	76	0.5	0.0099997944	1.00E-005	-13.3370123682
isg475	344	0.0176491085	0.0262205062	1.00E-005	-116.924035098
isg476	3765	0.0520376621	1.00E-005	1.00E-005	-622.149020398
isg477	2551	0.0424471929	1.00E-005	0.025407855	-568.619382913
isg478	2402	0.0507835774	1.00E-005	0.0060587959	-420.755877649
isg480	3031	0.0506263143	1.00E-005	0.0050192673	-526.378017604
