F2_001	395	0.012259739	1.00E-05	0.213587647	-213.1341663
F2_002	925	0.021575403	1.00E-05	0.020697467	-246.5903902
F2_003	939	0.010275041	1.00E-05	0.005199034	-188.9616133
F2_006	872	0.025375622	1.00E-05	0.048793743	-265.0441074
F2_008	912	0.016646146	1.00E-05	0.009556164	-189.410167
F2_009	497	0.020411209	1.00E-05	0.138606601	-238.8493846
F2_011	298	0.072740806	1.00E-05	0.157302034	-211.7270935
F2_012	926	0.032194844	1.00E-05	0.008289891	-246.6827013
F2_013	916	0.039321289	1.00E-05	0.035968996	-323.5743816
F2_014	942	0.018755203	1.00E-05	1.00E-05	-202.4531769
F2_015	813	0.045036794	1.00E-05	0.075887912	-338.7506411
F2_016	928	0.029297078	1.00E-05	0.011020128	-229.7379871
F2_017	849	0.047118415	1.00E-05	0.063928915	-326.4550184
F2_018	942	0.023253464	1.00E-05	1.00E-05	-191.5279602
F2_019	636	0.050184525	1.00E-05	0.129032975	-320.9212766
F2_020	934	0.024872453	1.00E-05	0.007238238	-258.0744044
F2_022	900	0.024463032	1.00E-05	0.042831548	-272.9072883
F2_023	873	0.033206563	1.00E-05	0.038880153	-293.896341
F2_024	593	0.039764264	1.00E-05	0.122368789	-298.4312844
F2_025	937	0.015988864	1.00E-05	0.002404996	-216.231628
F2_029	259	0.10317931	1.00E-05	0.160418855	-179.9455394
F2_030	594	0.039901877	1.00E-05	0.132429818	-320.7309312
F2_031	436	0.030346791	1.00E-05	0.166980723	-235.0261105
F2_032	849	0.095897401	1.00E-05	0.05621488	-388.3921618
F2_034	549	0.027857835	1.00E-05	0.131662771	-287.6934467
F2_035	756	0.018765525	1.00E-05	0.093775907	-269.735368
F2_038	685	0.037238237	1.00E-05	0.119330292	-319.7277601
F2_039	268	0.110286809	1.00E-05	0.204795439	-209.7955191
F2_040	923	0.059363986	1.00E-05	0.021852941	-289.1144051
F2_042	339	0.037203474	1.00E-05	0.177740349	-211.6031321
F2_045	879	0.027448832	1.00E-05	0.035507901	-285.4770014
F2_046	755	0.070387528	1.00E-05	0.102637766	-348.9222484
F2_047	519	0.01389793	1.00E-05	0.164772744	-267.0586921
F2_050	720	0.027702731	1.00E-05	0.077829838	-320.0173198
F2_051	924	0.190880695	1.00E-05	0.014424071	-378.2003227
F2_054	879	0.021887056	1.00E-05	0.054965955	-288.0417288
F2_055	362	0.058554379	1.00E-05	0.145830076	-232.6189896
F2_056	924	0.047349999	1.00E-05	0.01671028	-275.4468756
F2_057	831	0.020766808	1.00E-05	0.072035413	-311.4506728
F2_058	882	0.063734224	1.00E-05	0.04560523	-329.9258463
F2_060	839	0.059505331	1.00E-05	0.071367382	-360.7978146
F2_061	569	0.056360483	1.00E-05	0.100789072	-289.7775511
F2_062	941	0.010194626	1.00E-05	1.00E-05	-187.9951552
F2_065	913	0.027713723	1.00E-05	0.028558673	-280.4747379
F2_066	928	0.033662926	1.00E-05	0.011186704	-248.2334298
F2_068	799	0.215851774	1.00E-05	0.066262487	-425.3087495
F2_070	906	0.042758179	1.00E-05	0.042094968	-297.7543535
F2_072	632	0.083356583	1.00E-05	0.091481795	-327.9538393
F2_073	851	0.04306138	1.00E-05	0.051907433	-315.6127435
F2_077	333	0.046498331	1.00E-05	0.155166128	-222.7259313
F2_079	368	0.096482089	1.00E-05	0.113023533	-232.6612187
F2_080	940	0.032366035	0.001598352	0.004488097	-241.1832859
F2_082	889	0.00674792	1.00E-05	0.033716473	-245.973964
F2_083	875	0.031582138	1.00E-05	0.040990544	-291.2504633
F2_084	942	0.010173378	1.00E-05	1.00E-05	-198.0532115
F2_085	923	0.034489108	1.00E-05	0.008840994	-245.4205533
F2_086	405	0.106189702	1.00E-05	0.192624054	-275.8087519
F2_088	443	0.110676976	1.00E-05	0.185821454	-301.9218045
F2_089	943	0.008238947	1.00E-05	1.00E-05	-139.0288379
F2_090	618	0.036171225	1.00E-05	0.133440994	-359.3983305
F2_091	471	0.018202634	1.00E-05	0.096490464	-243.4317795
F2_092	866	0.028048414	1.00E-05	0.058488879	-310.1273028
F2_093	929	0.005534661	1.00E-05	0.012562232	-217.1725841
F2_094	922	0.027786914	1.00E-05	0.017815828	-237.8585809
F2_095	874	0.045226423	1.00E-05	0.02718126	-256.0766094
F2_096	802	0.036836154	1.00E-05	0.083589285	-336.7446172
F2_104	295	0.345996491	0.000919729	0.103609721	-219.8981567
F2_112	384	0.5	0.009494733	0.118034397	-266.3587156
F2_128	491	0.5	0.009760917	0.129084024	-346.8153511
F2_132	195	0.5	0.489749459	0.184726575	-162.0844788
F2_140	193	0.282434255	0.069022351	0.051720163	-153.4066869
F2_152	942	0.02308718	1.00E-05	1.00E-05	-204.0460765
F2_153	867	0.028165984	1.00E-05	0.078299985	-350.3031828
F2_154	733	0.000585508	1.00E-05	0.087418469	-250.7379731
F2_156	313	0.125230466	1.00E-05	0.207498893	-245.9151497
F2_157	644	0.060807142	1.00E-05	0.079084627	-317.3452627
F2_158	830	0.10956968	1.00E-05	0.063293431	-382.5080162
F2_160	944	0.01675651	1.00E-05	0.00096942	-187.047743
F2_162	916	0.034817283	1.00E-05	0.026023982	-270.0578629
F2_164	867	0.206885625	1.00E-05	0.057415437	-456.4996326
F2_171	325	0.017065335	1.00E-05	0.210003576	-171.755346
F2_173	273	0.14628567	1.00E-05	0.124540979	-198.2656579
F2_176	941	0.029957402	1.00E-05	1.00E-05	-257.4399472
F2_177	571	0.041987151	1.00E-05	0.13809984	-277.4363473
F2_178	757	0.233268383	1.00E-05	0.05535244	-360.7233754
F2_179	553	0.032090723	1.00E-05	0.090164612	-257.0481033
F2_180	916	0.036484635	1.00E-05	0.014583374	-292.1269626
F2_181	703	0.036283671	1.00E-05	0.079766984	-322.8399999
F2_182	928	0.027820489	1.00E-05	0.006961079	-246.8700676
F2_183	701	0.122600249	0.001891646	0.08773203	-395.0494089
F2_184	943	0.014280616	1.00E-05	1.00E-05	-185.0521781
F2_186	333	0.053620005	1.00E-05	0.131807468	-198.1243104
F2_188	941	0.029647842	1.00E-05	1.00E-05	-193.9782813
F2_189	907	0.025645685	1.00E-05	0.016221208	-247.9265663
F2_191	921	0.115395438	1.00E-05	0.007584062	-396.9330648
F2_192	852	0.120052967	1.00E-05	0.058427142	-413.8911925
F2_194	352	0.027153662	0.00443038	0.138749171	-210.8903851
F2_195	780	0.054610263	1.00E-05	0.108068579	-346.5840319
F2_198	573	0.050665459	1.00E-05	0.135087293	-286.3637785
F2_199	295	0.078217742	1.00E-05	0.140858498	-191.1953301
F2_200	899	0.029682966	1.00E-05	0.023562524	-265.0611758
F2_201	344	0.018385068	1.00E-05	0.193004836	-202.3351628
F2_202	615	0.053057755	1.00E-05	0.137185996	-338.4275167
F2_204	579	0.033788629	1.00E-05	0.134239759	-297.0638377
F2_205	671	0.038384153	1.00E-05	0.13895208	-334.4075072
F2_206	921	0.022633337	1.00E-05	0.013140551	-214.1422518
F2_208	846	0.049087601	1.00E-05	0.052585543	-331.5645399
F2_210	899	0.017545056	1.00E-05	0.014806523	-212.4074264
F2_212	791	0.05344116	1.00E-05	0.111756699	-383.9966959
F2_214	672	0.023676486	1.00E-05	0.095353443	-267.9541446
F2_217	906	0.021547726	1.00E-05	0.009314746	-212.0655437
F2_219	917	0.036680024	1.00E-05	0.010732568	-247.0896016
F2_220	492	0.035967719	1.00E-05	0.085075728	-241.1539489
F2_221	420	0.053574771	1.00E-05	0.134189747	-267.3015528
F2_224	922	0.032437983	1.00E-05	0.011745061	-232.9123775
F2_226	316	0.04303529	1.00E-05	0.239231907	-214.1176952
F2_227	420	0.061277725	1.00E-05	0.155733256	-255.8823298
F2_228	827	0.045461962	1.00E-05	0.06459854	-304.5844733
F2_229	458	0.019492765	1.00E-05	0.106230683	-227.3382063
F2_230	700	0.033418579	1.00E-05	0.112196183	-286.3095327
F2_231	219	0.127108519	0.001906066	0.152927259	-169.3401627
F2_232	940	0.018587224	1.00E-05	0.001075579	-206.5920323
F2_233	906	0.032564749	1.00E-05	0.032265343	-292.5851658
F2_237	867	0.041882845	0.001021454	0.04471758	-325.1314264
F2_238	918	0.054759367	1.00E-05	0.021090458	-295.5173372
F2_239	514	0.076709127	1.00E-05	0.152978802	-314.6388791
F2_240	431	0.135807973	1.00E-05	0.15919765	-293.5588443
F2_241	517	0.054992678	1.00E-05	0.108198909	-273.9060099
F2_243	943	0.00120412	1.00E-05	1.00E-05	-158.517863
F2_244	236	0.023351011	1.00E-05	0.145611815	-150.9137288
F2_246	521	0.06691091	1.00E-05	0.089416255	-276.9620223
F2_248	944	0.024938659	1.00E-05	1.00E-05	-257.6049505
F2_249	793	0.021810222	1.00E-05	0.079787696	-331.7688077
F2_250	871	0.028523332	1.00E-05	0.050790441	-303.5079995
F2_251	265	0.083371023	1.00E-05	0.158691995	-190.0756432
F2_252	929	0.032707836	1.00E-05	0.006465316	-227.8644822
F2_253	917	0.038518389	1.00E-05	0.024844055	-283.7068152
F2_254	940	0.013742105	1.00E-05	1.00E-05	-188.8142063
F2_255	837	0.025019739	1.00E-05	0.073834545	-340.8091618
F2_256	944	0.025119079	1.00E-05	1.00E-05	-224.5500558
F2_258	944	0.008737485	1.00E-05	1.00E-05	-179.6479402
F2_259	567	0.068444704	1.00E-05	0.11050387	-299.2139426
F2_260	938	0.012172047	1.00E-05	1.00E-05	-193.5162462
F2_261	431	0.047748589	1.00E-05	0.131907131	-248.2511104
F2_262	929	0.036329367	1.00E-05	0.007438832	-236.273172
F2_263	887	0.041702013	1.00E-05	0.049402579	-327.9161458
F2_264	859	0.046997737	1.00E-05	0.05706835	-327.0320205
F2_265	943	0.021734521	1.00E-05	1.00E-05	-219.5855303
F2_266	845	0.021642658	1.00E-05	0.067083897	-307.3936746
F2_267	927	0.032492762	1.00E-05	0.008838065	-240.7998915
F2_268	926	0.028134364	1.00E-05	0.008508155	-233.419096
F2_269	922	0.01866684	1.00E-05	0.015440239	-235.7588915
F2_270	473	0.091961557	0.004212459	0.152911405	-313.4972603
F2_271	524	0.085829142	1.00E-05	0.123460371	-300.2558449
F2_272	943	0.017150097	1.00E-05	1.00E-05	-206.1590917
F2_273	688	0.022842376	1.00E-05	0.13129062	-288.8263531
F2_274	748	0.040998693	1.00E-05	0.083620511	-324.8715453
F2_275	668	0.054856808	1.00E-05	0.105482908	-309.0848064
F2_276	943	0.017852836	1.00E-05	0.000555628	-210.8154866
F2_277	903	0.041790006	1.00E-05	0.038460928	-296.876727
F2_278	932	0.222323948	1.00E-05	6.09E-05	-328.3411266
F2_279	820	0.084630502	0.001290662	0.06639013	-374.0199452
F2_280	943	0.014559693	1.00E-05	0.001432415	-202.3570339
F2_281	941	0.010389182	1.00E-05	1.00E-05	-180.4732005
F2_284	943	0.006517141	1.00E-05	1.00E-05	-183.7358196
F2_285	917	0.023371159	1.00E-05	0.01117249	-232.0833769
F2_286	924	0.032557559	1.00E-05	0.031338329	-270.9998145
F2_287	916	0.051433369	1.00E-05	0.02456546	-282.7183655
F2_288	803	0.166304593	1.00E-05	0.068179527	-394.0463257
F2_289	242	0.030822784	1.00E-05	0.224774899	-153.2523383
F2_290	848	0.028501263	1.00E-05	0.075671531	-346.7304268
F2_291	928	0.187795332	1.00E-05	0.027764693	-394.1770714
F2_295	196	0.048237287	1.00E-05	0.226046441	-167.0343347
F2_296	920	0.031877988	1.00E-05	0.004073626	-238.1594347
F2_297	724	0.040382507	1.00E-05	0.065952742	-291.3291484
F2_298	840	0.046908844	1.00E-05	0.067953421	-348.0707901
F2_299	486	0.00508009	1.00E-05	0.095914718	-161.6153556
F2_300	601	0.046706669	1.00E-05	0.111361398	-272.662418
F2_301	214	1.00E-05	1.00E-05	0.131688353	-123.0321793
F2_302	937	0.020351448	1.00E-05	0.003215988	-208.5473037
F2_303	301	0.018963524	1.00E-05	0.185065361	-174.9396805
F2_304	925	0.038063936	1.00E-05	0.011425521	-250.1836052
F2_306	920	0.013399757	1.00E-05	0.01751397	-212.3967601
F2_307	374	0.067338365	1.00E-05	0.154068994	-229.1353655
F2_310	757	0.042216823	1.00E-05	0.07408939	-321.2431401
F2_311	559	0.05591718	1.00E-05	0.151216557	-329.5143511
F2_312	552	0.0276853	0.002845215	0.102123686	-274.1701933
F2_313	938	0.011962409	1.00E-05	0.002430654	-190.3352341
F2_314	336	0.039727081	1.00E-05	0.165781005	-216.6810683
F2_315	925	0.023167698	1.00E-05	0.014074619	-239.7366471
F2_316	441	0.00823889	1.00E-05	0.15479468	-211.7064742
F2_317	727	0.012338073	1.00E-05	0.109885428	-298.0955519
F2_318	327	0.015131694	1.00E-05	0.126535694	-169.1483902
F2_319	387	0.032513678	1.00E-05	0.18455175	-224.8092724
F2_320	936	0.015532104	1.00E-05	1.00E-05	-192.2179149
F2_321	291	1.00E-05	1.00E-05	0.140912927	-168.3116402
F2_322	509	0.007028816	1.00E-05	0.115688352	-256.0693682
F2_323	516	0.18065955	1.00E-05	0.138955714	-350.7852715
F2_324	929	0.031114297	1.00E-05	0.023551551	-305.5432787
F2_325	255	0.057778004	1.00E-05	0.142723607	-179.8989683
F2_326	323	1.00E-05	0.003633657	0.143222726	-184.2540498
F2_327	412	0.093603043	1.00E-05	0.141028932	-270.0206078
F2_328	938	0.019178233	1.00E-05	1.00E-05	-196.717312
F2_329	941	0.035291243	1.00E-05	1.00E-05	-244.3068532
F2_330	453	0.018126105	0.000898268	0.178616125	-241.7643233
F2_331	305	0.306830867	0.002478579	0.126636483	-233.8546779
F2_332	921	0.021546985	1.00E-05	0.012085856	-241.4995856
F2_333	894	0.009934094	1.00E-05	0.028406806	-237.9696651
F2_334	617	0.022987608	1.00E-05	0.101852463	-284.1524438
F2_335	775	0.048442461	1.00E-05	0.086864545	-360.7770503
F2_336	626	0.112398417	1.00E-05	0.061636401	-321.6509837
F2_337	240	0.062783121	1.00E-05	0.169812653	-163.4434263
F2_338	823	0.040796648	1.00E-05	0.057134265	-336.5686435
F2_339	910	0.036814936	1.00E-05	0.022452921	-289.6936832
F2_342	867	0.042969547	1.00E-05	0.032865651	-301.4340901
F2_344	930	0.045988748	1.00E-05	0.01401418	-276.3086898
F2_345	604	0.020897685	1.00E-05	0.061687528	-250.4934241
F2_346	690	0.055037771	1.00E-05	0.116567598	-360.3906982
F2_347	329	0.031531681	1.00E-05	0.230976277	-204.9071898
F2_348	877	0.040698271	1.00E-05	0.063070655	-333.7483278
F2_349	619	0.059932048	1.00E-05	0.159706537	-330.8826089
F2_350	936	0.046353025	1.00E-05	1.00E-05	-240.3800547
F2_352	937	0.045206622	1.00E-05	0.010750328	-282.7511171
F2_353	593	0.017342847	1.00E-05	0.100872945	-228.8893096
F2_354	921	0.031109066	1.00E-05	0.015743808	-250.5542946
F2_355	273	0.019891887	1.00E-05	0.154935233	-199.0444173
F2_356	888	0.030255846	1.00E-05	0.034488968	-271.0222491
F2_357	242	0.032973638	1.00E-05	0.149875441	-143.7572394
F2_358	772	0.108653902	1.00E-05	0.059022646	-336.1742874
F2_359	562	0.059907165	1.00E-05	0.113048136	-317.0697367
F2_360	648	0.04059755	1.00E-05	0.161298208	-318.7703605
F2_361	938	0.03891201	1.00E-05	0.004057985	-240.5147468
F2_363	917	0.044084594	1.00E-05	0.028094708	-286.1851838
F2_364	487	0.029116096	1.00E-05	0.195141861	-283.7884244
F2_365	872	0.032427919	1.00E-05	0.046323763	-303.4988842
F2_366	291	0.188470392	1.00E-05	0.148476668	-222.1064149
F2_367	368	0.046685123	1.00E-05	0.177385513	-228.0148184
F2_368	936	0.032435671	1.00E-05	0.006681974	-230.2436264
F2_369	337	0.043995967	1.00E-05	0.167754782	-196.6805484
F2_370	743	0.034107426	1.00E-05	0.112893001	-336.6525211
F2_371	425	1.00E-05	1.00E-05	0.168201743	-230.6452761
F2_372	906	0.055890921	1.00E-05	0.026245698	-288.6740603
F2_373	364	0.028269688	1.00E-05	0.153755748	-218.2856034
F2_374	830	0.029752514	1.00E-05	0.044140044	-269.6331431
F2_375	625	0.055266539	1.00E-05	0.101850766	-329.0386967
F2_376	943	0.026346697	1.00E-05	1.00E-05	-200.6297424
F2_377	376	0.147481756	1.00E-05	0.139446726	-263.1305798
F2_379	412	0.034327034	1.00E-05	0.135353122	-207.7063704
F2_380	934	0.020470177	1.00E-05	0.006350404	-218.3353114
F2_381	820	0.046174493	1.00E-05	0.074260983	-330.0004873
F2_382	738	0.032528043	1.00E-05	0.084818024	-313.0050352
F2_383	864	0.025632464	1.00E-05	0.05593298	-300.6475672
F2_384	649	0.122681672	1.00E-05	0.090260026	-349.3272166
F2_386	296	0.067131431	1.00E-05	0.125204725	-182.2344619
F2_387	785	0.037568626	1.00E-05	0.067397695	-278.1592012
F2_390	543	0.069082486	1.00E-05	0.111961525	-302.9776846
F2_392	889	0.032972502	1.00E-05	0.055575365	-318.8681736
F2_393	555	0.025717436	1.00E-05	0.137962992	-241.7595762
F2_394	565	0.065694672	1.00E-05	0.115467622	-316.3862126
F2_397	310	0.009419078	1.00E-05	0.220623897	-176.5701966
F2_398	922	0.029319217	1.00E-05	0.022644665	-268.1490658
F2_400	927	0.038351825	1.00E-05	1.00E-05	-235.1222872
F2_402	789	0.02450442	1.00E-05	0.087828823	-350.7910882
F2_404	529	0.02951577	1.00E-05	0.128449964	-290.561457
F2_406	413	0.050160597	1.00E-05	0.15129906	-268.0790439
F2_409	883	0.051228337	1.00E-05	0.026903697	-289.3659652
F2_411	526	0.052571243	1.00E-05	0.185196032	-289.8061422
F2_412	402	0.0372179	1.00E-05	0.129349652	-209.7154124
F2_413	322	0.049640799	1.00E-05	0.154581113	-193.5157017
F2_416	895	0.028475524	1.00E-05	0.037197627	-283.1850453
F2_421	343	0.039577387	1.00E-05	0.147958795	-188.4762743
F2_424	921	0.045582387	1.00E-05	0.027069163	-317.9780119
F2_425	856	0.028284	1.00E-05	0.03061405	-271.2004999
F2_428	903	0.0256075	1.00E-05	0.039730336	-275.518313
F2_429	584	0.037180293	1.00E-05	0.11222168	-310.3113079
F2_430	304	0.084786034	1.00E-05	0.143754677	-199.4854964
F2_431	311	1.00E-05	1.00E-05	0.138782177	-158.6064483
F2_434	614	0.022893364	1.00E-05	0.127258175	-267.6833471
F2_435	935	1.00E-05	1.00E-05	0.005099334	-187.2296709
F2_438	760	0.046322139	1.00E-05	0.061563794	-299.0961424
F2_439	380	0.041009539	1.00E-05	0.151273766	-219.2156124
F2_441	503	0.015514088	1.00E-05	0.152215014	-248.3570057
F2_442	819	0.015848088	1.00E-05	0.076231261	-321.0396567
F2_444	757	0.048576823	1.00E-05	0.111316202	-370.4608609
F2_445	612	0.020719766	1.00E-05	0.123547898	-273.0714836
F2_446	936	0.02755417	1.00E-05	0.001587145	-241.7679311
F2_447	241	0.02746922	1.00E-05	0.154367982	-149.9833403
F2_448	939	0.03027746	1.00E-05	0.001873993	-216.9941932
F2_449	339	0.020084987	1.00E-05	0.156624403	-188.426894
F2_450	910	0.035863385	1.00E-05	0.01229324	-267.4605043
F2_451	274	1.00E-05	0.006717861	0.175879382	-163.0116753
F2_452	723	0.048289546	1.00E-05	0.100915364	-347.491916
F2_454	494	0.063675898	1.00E-05	0.162378139	-293.0030658
F2_455	296	0.038790821	0.009221005	0.185250506	-207.9536792
F2_456	203	0.030463675	1.00E-05	0.184114581	-150.4080968
F2_457	937	0.032840039	1.00E-05	0.005745624	-230.962012
F2_459	900	0.030096537	1.00E-05	0.018980663	-268.8565689
F2_460	785	0.03625445	1.00E-05	0.074854197	-282.3884227
F2_461	704	0.060438861	1.00E-05	0.084544721	-337.73315
F2_462	300	0.05842041	1.00E-05	0.11951011	-179.1741465
F2_463	268	0.00994723	1.00E-05	0.28546471	-181.2925132
F2_464	934	0.024829431	1.00E-05	0.00231287	-217.7227157
F2_466	259	0.032277534	1.00E-05	0.186448547	-168.7953903
F2_467	396	0.016469778	1.00E-05	0.195836819	-213.4460193
F2_468	897	0.034712398	1.00E-05	0.022955603	-266.189287
F2_469	544	0.096392877	1.00E-05	0.109708819	-325.1755987
F2_470	834	0.037227262	1.00E-05	0.063325144	-327.4806229
F2_471	502	0.043868344	1.00E-05	0.131373961	-261.5908866
F2_472	942	0.02605672	1.00E-05	1.00E-05	-185.0764828
F2_473	931	0.036411953	1.00E-05	0.006298016	-236.013978
F2_476	921	0.026015782	1.00E-05	0.020455099	-268.7627013
F2_477	763	0.025848497	1.00E-05	0.105982111	-307.7875478
F2_478	500	0.050989887	1.00E-05	0.167610855	-286.4546783
F2_479	599	0.06244618	1.00E-05	0.080457234	-280.5208677
F2_480	236	0.26688628	1.00E-05	0.120641239	-180.6809944
F2_486	918	0.032275231	1.00E-05	0.014095285	-247.2695952
F2_492	918	0.008378521	1.00E-05	0.039141447	-272.5923949
F2_493	897	0.016251646	1.00E-05	0.055669504	-284.6555962
F2_494	939	0.017811554	1.00E-05	0.006238765	-205.7190076
F2_496	940	0.014254293	1.00E-05	0.001022296	-187.9386566
F2_498	935	0.012974325	1.00E-05	0.009708705	-200.3621177
F2_500	909	0.027037211	1.00E-05	0.038660675	-284.3935128
F2_502	916	0.026965037	1.00E-05	0.023235725	-253.0610404
F2_503	656	0.040342653	1.00E-05	0.123306923	-297.3680172
F2_504	622	0.012471582	1.00E-05	0.099475041	-267.8318812
F2_505	943	0.006214746	1.00E-05	1.00E-05	-166.8688232
F2_509	891	0.028791993	1.00E-05	0.050403201	-314.2286609
F2_510	572	0.034760326	1.00E-05	0.149110066	-279.359722
F2_511	275	0.060745302	1.00E-05	0.2423673	-187.6825008
F2_512	943	0.00995481	1.00E-05	1.00E-05	-160.8886292
F2_514	577	0.032003547	1.00E-05	0.138533583	-258.6701951
F2_515	580	0.032022227	1.00E-05	0.140852184	-310.3502359
F2_516	937	0.040952508	1.00E-05	0.001599478	-257.6760707
F2_518	913	0.038447164	1.00E-05	0.019374918	-250.9698997
F2_519	465	0.129722456	1.00E-05	0.122101508	-300.3478971
F2_520	940	0.051708712	1.00E-05	0.005232458	-280.1811606
F2_521	934	0.009126365	1.00E-05	0.000649889	-182.2673026
F2_525	930	0.028374034	1.00E-05	0.014969851	-231.2956871
F2_526	891	0.013395435	1.00E-05	0.044630074	-257.5127064
F2_527	908	0.012980466	1.00E-05	0.012621063	-204.7783367
F2_528	685	0.114558208	1.00E-05	0.122495552	-401.4347271
F2_529	247	0.02089484	1.00E-05	0.13411003	-153.5584184
F2_534	906	0.01816592	1.00E-05	0.032431608	-252.1057243
F2_540	908	0.027774146	1.00E-05	0.030889868	-292.6375069
F2_541	737	0.023330866	1.00E-05	0.097733572	-341.2204779
F2_542	932	0.018170295	1.00E-05	1.00E-05	-148.1173897
F2_544	930	0.029178486	1.00E-05	0.011775614	-232.7740945
F2_546	924	0.029656807	1.00E-05	0.010071548	-267.7043957
F2_547	547	0.01903884	1.00E-05	0.138656157	-292.1969512
F2_548	899	0.024390255	1.00E-05	0.038299195	-272.1536162
F2_550	856	0.0204566	1.00E-05	0.063308888	-327.8449933
F2_551	377	1.00E-05	1.00E-05	0.18662324	-212.9543014
F2_552	254	0.011047822	1.00E-05	0.166242721	-147.933381
F2_553	941	0.023613372	1.00E-05	1.00E-05	-212.2966301
F2_555	906	0.016488617	1.00E-05	0.054367558	-306.1224408
F2_557	765	0.02011026	1.00E-05	0.088786564	-301.3558813
F2_558	268	0.016596047	1.00E-05	0.145152182	-167.2892659
F2_559	292	0.054466901	1.00E-05	0.106503409	-185.8660684
F2_560	934	0.020181414	1.00E-05	0.001936855	-194.1397435
F2_562	491	4.48E-05	1.00E-05	0.170237597	-241.9643998
F2_563	540	0.023677726	1.00E-05	0.188769791	-308.9666142
F2_564	929	0.023371581	1.00E-05	0.017051684	-239.1685874
F2_566	905	0.02817163	1.00E-05	0.022881243	-256.9567173
F2_567	545	0.096150011	1.00E-05	0.130038112	-330.656278
F2_568	524	0.071532902	1.00E-05	0.181643977	-296.8254828
F2_569	938	0.018948265	1.00E-05	1.00E-05	-164.7007928
F2_573	891	0.02378007	1.00E-05	0.047744209	-319.9247056
F2_574	907	0.016679382	0.001445231	0.034960866	-259.7522471
F2_575	807	0.041375869	1.00E-05	0.080316696	-335.7201928
F2_576	587	0.053559923	1.00E-05	0.150660497	-346.6001013
F2_577	288	0.002292535	1.00E-05	0.17453001	-160.8183342
F2_582	909	0.007604606	1.00E-05	0.003342224	-198.421834
F2_588	901	0.026417239	0.003107194	0.028343655	-270.3578826
F2_589	839	0.029382913	1.00E-05	0.080959686	-351.4285449
F2_590	942	0.018052824	1.00E-05	0.000418616	-180.4788805
F2_594	937	1.00E-05	1.00E-05	0.003609783	-176.6886558
F2_595	571	0.032748163	1.00E-05	0.129293038	-269.6496803
F2_596	899	0.030586056	1.00E-05	0.022876225	-259.0310519
F2_598	910	0.041876832	1.00E-05	0.027167112	-284.7380842
F2_599	555	0.025847945	1.00E-05	0.103000118	-245.8421796
F2_600	582	0.027747882	1.00E-05	0.148560472	-289.5343929
F2_601	943	0.022173429	1.00E-05	1.00E-05	-206.2113123
F2_603	923	0.031467819	1.00E-05	0.019024536	-257.796465
F2_605	794	0.24407844	1.00E-05	0.108332134	-486.7204692
F2_606	356	0.059087971	1.00E-05	0.133803225	-237.6368048
F2_607	348	0.1131215	0.000425971	0.195468713	-253.5582859
F2_608	942	0.015374349	1.00E-05	1.00E-05	-236.1225613
F2_610	374	0.005980196	1.00E-05	0.198278231	-223.669425
F2_611	650	0.043887243	1.00E-05	0.107366805	-298.0318173
F2_612	937	0.016923841	1.00E-05	0.007374982	-232.3287542
F2_614	923	0.014531813	1.00E-05	0.008976998	-214.71918
F2_615	755	0.04992005	1.00E-05	0.098768065	-338.9297265
F2_616	942	0.022766908	1.00E-05	1.00E-05	-155.5869308
F2_617	943	0.011396126	1.00E-05	1.00E-05	-172.6187982
F2_621	798	0.016384015	1.00E-05	0.06911439	-280.8682931
F2_622	814	0.037665538	1.00E-05	0.102792307	-355.2493042
F2_624	698	0.049660961	1.00E-05	0.091350307	-319.4255038
F2_625	944	0.012821226	1.00E-05	1.00E-05	-155.8826209
F2_628	570	0.011265018	1.00E-05	0.162524478	-266.0120255
F2_630	926	0.034508994	1.00E-05	0.006701507	-236.1593905
F2_636	898	0.018270086	1.00E-05	0.022319749	-225.2611681
F2_637	881	0.024212473	1.00E-05	0.051000121	-289.6832534
F2_638	944	0.019563811	1.00E-05	1.00E-05	-167.1296607
F2_640	935	0.039648441	1.00E-05	0.002347535	-249.5058653
F2_642	936	0.011349121	1.00E-05	0.008959167	-196.6251022
F2_643	609	0.01744957	1.00E-05	0.083311624	-279.3295286
F2_644	908	0.021512377	1.00E-05	0.02578892	-265.3710447
F2_646	905	0.010786888	1.00E-05	0.039884722	-242.9995091
F2_647	553	0.062675649	1.00E-05	0.093924736	-293.0699194
F2_648	513	0.031642412	1.00E-05	0.147177585	-259.7403634
F2_649	943	0.002327586	1.00E-05	1.00E-05	-132.8587766
F2_651	892	0.036239735	1.00E-05	0.028229843	-258.5197404
F2_654	376	0.013205234	1.00E-05	0.161702735	-229.305995
F2_655	422	0.071520013	1.00E-05	0.15901496	-275.3758191
F2_657	213	0.013597207	1.00E-05	0.219190278	-128.6366154
F2_658	417	0.015926115	0.003360724	0.151098791	-243.4442611
F2_659	618	0.015358132	1.00E-05	0.131534372	-307.4166253
F2_660	935	0.016737347	1.00E-05	0.008735275	-220.7818615
F2_662	924	0.003977977	1.00E-05	0.018272719	-229.123661
F2_663	643	0.105584212	1.00E-05	0.132945832	-395.3383944
F2_664	943	0.021878751	1.00E-05	1.00E-05	-190.0949509
F2_665	942	0.026709684	1.00E-05	1.00E-05	-223.195016
F2_669	899	0.014449614	1.00E-05	0.02159786	-244.8363454
F2_670	859	0.025206399	1.00E-05	0.063522441	-354.5022667
F2_671	869	0.018279257	1.00E-05	0.044212104	-270.3179614
F2_672	756	0.085431942	0.000729145	0.085075565	-362.5414434
F2_673	265	0.011430165	1.00E-05	0.172772036	-149.1266688
F2_674	472	0.028342191	1.00E-05	0.128284668	-225.2471006
F2_678	913	0.012674515	1.00E-05	0.020951036	-241.5484585
F2_680	295	0.071925406	1.00E-05	0.120906767	-188.3910737
F2_681	577	0.019933435	1.00E-05	0.150743711	-261.2961168
F2_682	379	0.053873371	0.002380874	0.120784383	-229.0087254
F2_684	904	0.021873904	1.00E-05	0.037637835	-284.6407879
F2_685	861	0.030517167	1.00E-05	0.065654957	-337.7515779
F2_686	939	0.013278596	1.00E-05	1.00E-05	-176.9717611
F2_688	933	0.032983112	1.00E-05	0.010472609	-248.866388
F2_690	937	0.024388413	1.00E-05	1.00E-05	-182.7934049
F2_692	769	0.052844547	1.00E-05	0.092541967	-341.169778
F2_694	869	0.018429244	1.00E-05	0.04452874	-270.494219
F2_696	737	0.03601252	1.00E-05	0.093098987	-333.737592
F2_697	942	0.011632953	1.00E-05	0.001479471	-166.8349332
F2_699	893	0.030950491	1.00E-05	0.030831931	-272.7478308
F2_701	890	0.073860228	1.00E-05	0.044124641	-343.2711067
F2_703	700	0.036432574	1.00E-05	0.094159353	-284.4342575
F2_705	595	0.03156314	1.00E-05	0.129861922	-287.4720037
F2_706	628	0.062550373	1.00E-05	0.11528886	-318.5843257
F2_707	525	0.028880027	1.00E-05	0.141136014	-297.7779392
F2_708	931	0.013990748	1.00E-05	0.016136162	-221.8450826
F2_709	421	0.023802684	1.00E-05	0.168725377	-222.3043954
F2_710	874	0.044238137	1.00E-05	0.023569282	-310.8424507
F2_711	668	0.08084159	1.00E-05	0.117967613	-348.1063274
F2_712	942	0.016472994	1.00E-05	0.003401462	-183.202828
F2_713	941	0.015369845	1.00E-05	1.00E-05	-184.323412
F2_716	344	0.017533279	1.00E-05	0.142407974	-170.6340391
F2_717	903	0.038878493	1.00E-05	0.045697586	-313.5287476
F2_718	846	0.036551154	1.00E-05	0.046173158	-315.9812154
F2_719	820	0.040003275	1.00E-05	0.064704572	-338.3850007
F2_720	666	0.094089184	1.00E-05	0.103415549	-345.32114
F2_722	371	0.060526347	1.00E-05	0.149261745	-232.0748508
F2_723	267	0.019687235	1.00E-05	0.164101492	-165.3447706
F2_726	536	0.046192359	1.00E-05	0.134307403	-253.674288
F2_728	382	0.112779732	1.00E-05	0.109883222	-240.5452782
F2_730	335	0.080753547	1.00E-05	0.114413358	-208.7083055
F2_732	809	0.031518683	1.00E-05	0.038747665	-286.0904394
F2_733	752	0.020719777	1.00E-05	0.077185729	-324.061064
F2_734	931	0.030405467	1.00E-05	0.014992252	-260.1907218
F2_736	922	0.013873191	1.00E-05	0.00503643	-203.3263036
F2_738	933	0.019660026	1.00E-05	0.008882083	-200.9356836
F2_739	489	0.047389199	1.00E-05	0.103545695	-277.595275
F2_740	916	0.008724016	1.00E-05	0.016607512	-204.6677117
F2_743	487	0.001721527	1.00E-05	0.126365286	-227.0646464
F2_744	693	0.035517892	1.00E-05	0.104688862	-339.6150792
F2_745	888	0.040449964	1.00E-05	0.040034728	-286.0958321
F2_747	888	0.051817371	1.00E-05	0.029677919	-271.8183384
F2_748	450	0.0119393	1.00E-05	0.110749528	-203.6474376
F2_749	903	0.055262798	1.00E-05	0.028013523	-304.6985796
F2_750	469	0.051372354	1.00E-05	0.199130198	-265.8153173
F2_751	295	0.014718361	1.00E-05	0.191257598	-192.8557389
F2_752	939	0.029869832	1.00E-05	0.007801692	-237.3528155
F2_753	263	0.079670422	1.00E-05	0.162595303	-183.0044913
F2_754	480	0.030592263	1.00E-05	0.223175433	-268.5281705
F2_756	881	0.038926009	1.00E-05	0.034639226	-292.645602
F2_758	908	0.024914914	1.00E-05	0.026204078	-264.2111465
F2_759	612	0.102318876	1.00E-05	0.118131828	-373.8763674
F2_760	940	0.010842982	1.00E-05	1.00E-05	-179.7952525
F2_761	939	0.007448917	1.00E-05	1.00E-05	-178.1725649
F2_765	892	0.016204095	1.00E-05	0.031014206	-252.8004718
F2_766	798	0.022603829	1.00E-05	0.061260022	-286.5401906
F2_768	698	0.081300723	1.00E-05	0.115300335	-366.8047943
F2_770	348	0.109493203	1.00E-05	0.127388407	-227.3592694
F2_774	901	0.031210522	1.00E-05	0.017064646	-252.9080807
F2_776	896	0.041552465	1.00E-05	0.035667135	-315.184071
F2_777	258	0.038617823	1.00E-05	0.109756673	-145.4686746
F2_778	197	0.039265178	1.00E-05	0.094002912	-135.5734503
F2_779	276	0.115292422	1.00E-05	0.175969501	-206.6575166
F2_780	835	0.037772908	1.00E-05	0.07018745	-322.1593873
F2_781	745	0.026588413	1.00E-05	0.063983596	-264.7838878
F2_782	934	0.015940259	1.00E-05	1.00E-05	-189.4890358
F2_784	938	0.01533569	1.00E-05	1.00E-05	-205.9339387
F2_785	595	0.148119302	1.00E-05	0.124115155	-352.7547875
F2_786	921	0.040439284	1.00E-05	0.015064935	-288.3068385
F2_787	301	0.015723627	1.00E-05	0.145765137	-167.3693094
F2_788	650	0.057943907	1.00E-05	0.069703506	-306.4702679
F2_790	841	0.03287738	1.00E-05	0.064932541	-295.2178912
F2_791	447	0.109788954	1.00E-05	0.116276971	-273.2194772
F2_792	471	0.037633307	1.00E-05	0.122641189	-253.7861111
F2_793	937	0.031083628	1.00E-05	0.006803299	-195.484397
F2_794	190	0.105896207	1.00E-05	0.106232981	-131.185443
F2_795	884	0.026523105	1.00E-05	0.033042424	-277.3246758
F2_797	718	0.088512997	1.00E-05	0.07513992	-346.6263214
F2_798	201	0.108092962	1.00E-05	0.265811363	-172.8424215
F2_799	217	0.098069312	1.00E-05	0.111235579	-160.6796197
F2_802	326	0.087176766	1.00E-05	0.160011049	-230.1741214
F2_804	918	0.042490341	1.00E-05	0.024488828	-288.8639494
F2_806	847	0.040561819	1.00E-05	0.073954729	-330.685714
F2_807	437	0.161158876	1.00E-05	0.102552086	-275.4858131
F2_808	938	0.030878485	1.00E-05	1.00E-05	-168.5938234
F2_809	927	0.012629812	1.00E-05	0.009737796	-209.0701018
F2_813	802	0.038708402	1.00E-05	0.072689225	-320.7659662
F2_814	457	0.06636826	1.00E-05	0.168657019	-284.3713181
F2_816	527	0.137143079	1.00E-05	0.109384264	-325.5326613
F2_818	214	0.007213589	1.00E-05	0.128743437	-131.0116851
F2_819	667	0.030408527	0.002072068	0.104000029	-290.2406963
F2_822	731	0.060012087	1.00E-05	0.071740382	-331.8083664
F2_824	777	0.096289446	1.00E-05	0.064502313	-354.0457656
F2_828	632	0.045668575	0.003640447	0.126410689	-324.1268543
F2_829	385	0.031398777	1.00E-05	0.135336732	-197.8334886
F2_830	925	0.027725315	1.00E-05	0.007810463	-253.8143454
F2_832	940	0.03023435	1.00E-05	0.000765957	-219.4765875
F2_833	390	0.024985629	1.00E-05	0.100956647	-195.3308369
F2_834	920	0.052168544	1.00E-05	0.031391439	-319.756197
F2_836	321	0.103113751	1.00E-05	0.077865713	-194.0558073
F2_838	358	0.062636539	1.00E-05	0.101246111	-206.2072874
F2_839	198	0.092373647	1.00E-05	0.184996245	-140.3506524
F2_840	324	1.00E-05	1.00E-05	0.214317605	-166.671443
F2_841	937	0.01505877	1.00E-05	0.00577718	-191.2597665
F2_843	745	0.048420972	1.00E-05	0.096458979	-347.2221165
F2_845	478	0.027262871	1.00E-05	0.127763465	-242.1176035
F2_848	930	0.015269891	1.00E-05	0.000664053	-188.2354049
F2_851	236	0.019557103	0.009192842	0.132042209	-159.0506984
F2_852	499	0.039928295	1.00E-05	0.100805786	-254.0117648
F2_854	659	0.070155709	1.00E-05	0.058990651	-314.1640439
F2_855	421	0.051814738	1.00E-05	0.14098985	-227.7640055
F2_857	822	0.085270119	1.00E-05	0.048431725	-362.9272939
F2_860	912	0.021327485	1.00E-05	0.015925847	-232.3358053
F2_861	263	0.082348071	1.00E-05	0.201975741	-193.6878024
F2_862	366	0.072892802	1.00E-05	0.113388006	-223.5561679
F2_864	274	0.147506005	1.00E-05	0.161955184	-203.1497443
F2_867	221	0.043267381	1.00E-05	0.190916978	-153.0107287
F2_870	882	0.047824873	1.00E-05	0.057142931	-333.0944927
F2_871	608	0.032635743	1.00E-05	0.099327778	-276.3708761
F2_873	902	0.007361402	1.00E-05	0.041957896	-239.7923498
F2_874	907	0.021153194	1.00E-05	0.037922094	-272.3725112
F2_875	672	0.023484834	1.00E-05	0.100861248	-311.388563
F2_876	938	0.020453268	1.00E-05	0.003727881	-216.2939084
F2_877	777	0.039360286	1.00E-05	0.086227761	-326.7119509
F2_878	943	0.011648166	1.00E-05	0.001804514	-190.7823084
F2_880	232	0.057512245	1.00E-05	0.117589952	-152.0091013
F2_882	941	0.016655617	1.00E-05	1.00E-05	-195.1619224
F2_883	690	0.032089417	1.00E-05	0.149108609	-328.455218
F2_884	937	0.010908889	1.00E-05	0.008366925	-199.0614317
F2_885	542	0.035342823	1.00E-05	0.113128105	-300.8320957
F2_886	938	0.006586286	1.00E-05	0.007039735	-201.1155893
F2_887	861	0.026058449	1.00E-05	0.06155344	-313.0099103
F2_888	892	0.006596722	1.00E-05	0.031804651	-236.5121699
F2_889	944	0.008594802	1.00E-05	1.00E-05	-155.9820178
F2_891	942	0.009274937	1.00E-05	0.00680529	-199.1166105
F2_893	653	0.029790364	1.00E-05	0.137411437	-301.5209488
F2_894	659	0.043004384	1.00E-05	0.088100211	-296.4287802
F2_895	880	0.035786763	1.00E-05	0.031588997	-298.1030129
F2_896	943	0.010220101	1.00E-05	1.00E-05	-182.3182618
F2_897	828	0.0538333	1.00E-05	0.050250133	-324.3205863
F2_898	891	0.016496043	1.00E-05	0.036666586	-291.6341829
F2_899	886	0.034432248	1.00E-05	0.036149728	-282.9174115
F2_900	943	0.010168112	1.00E-05	1.00E-05	-183.0937058
F2_902	938	0.019118238	1.00E-05	1.00E-05	-203.3838567
F2_903	888	0.073674389	1.00E-05	0.040000314	-336.2458885
F2_905	943	0.005717647	1.00E-05	1.00E-05	-171.0326841
F2_906	666	0.005840037	1.00E-05	0.108793185	-278.8949507
F2_908	931	0.006002974	1.00E-05	0.014842627	-223.6341275
F2_910	933	0.017258372	1.00E-05	0.005647989	-193.1105309
F2_911	931	0.022236693	1.00E-05	0.010627436	-260.4629654
F2_912	911	0.048617835	1.00E-05	0.026623016	-290.9313601
F2_917	209	1.00E-05	1.00E-05	0.25433267	-145.9084728
F2_918	597	0.030225271	1.00E-05	0.101028894	-282.760687
F2_920	942	0.140014964	1.00E-05	0.00051134	-304.0054628
F2_921	408	0.038022334	0.003779252	0.143467145	-224.032237
F2_922	830	0.036923478	1.00E-05	0.081205824	-305.9067562
F2_923	254	0.093180382	0.013410785	0.152847115	-201.2208307
F2_924	926	0.014159401	1.00E-05	0.004425915	-193.6856327
F2_925	610	0.008577453	1.00E-05	0.126799306	-293.9131943
F2_926	943	0.040366766	1.00E-05	1.00E-05	-219.364232
F2_928	939	0.012445645	1.00E-05	1.00E-05	-172.9786219
F2_930	938	0.019090836	1.00E-05	0.001601252	-182.9466415
F2_931	500	0.014348332	1.00E-05	0.140125702	-211.7441354
F2_932	920	0.010454887	1.00E-05	0.009811487	-196.5209982
F2_934	909	0.011298842	1.00E-05	0.021920347	-214.9336981
F2_935	796	0.015483007	1.00E-05	0.050225376	-258.6494993
F2_936	848	0.009811935	1.00E-05	0.071355917	-262.1240443
F2_937	944	0.008635694	1.00E-05	1.00E-05	-172.834039
F2_939	928	0.034106021	1.00E-05	0.008318147	-222.6815582
F2_941	901	0.068057108	1.00E-05	0.026380023	-311.809584
F2_942	756	0.05020898	1.00E-05	0.096161513	-357.8050892
F2_943	713	0.025057114	1.00E-05	0.089854277	-305.0960883
F2_944	943	0.009725297	1.00E-05	1.00E-05	-166.5702293
F2_945	500	0.010103273	1.00E-05	0.101262845	-210.9295324
F2_946	770	0.073124483	1.00E-05	0.070847318	-347.6921919
F2_947	891	0.020657416	1.00E-05	0.039176271	-284.3728552
F2_948	933	0.030396712	1.00E-05	0.009727332	-271.4512694
F2_950	918	0.006468364	1.00E-05	0.009552422	-202.9455236
F2_951	731	0.076197501	1.00E-05	0.099773814	-353.8601816
F2_952	943	0.02491155	1.00E-05	1.00E-05	-188.2960393
F2_953	943	0.021400223	1.00E-05	1.00E-05	-208.4309677
F2_954	341	0.119612878	1.00E-05	0.180756906	-257.0157469
F2_956	613	0.009935499	1.00E-05	0.123090817	-260.3624742
F2_957	911	0.053711584	1.00E-05	0.018680753	-272.9869017
F2_958	873	0.047323158	1.00E-05	0.040298814	-288.3148843
F2_959	861	0.031951596	1.00E-05	0.078550979	-337.3385346
F2_960	726	0.138044207	1.00E-05	0.08636015	-388.6695192